 1850 -0.700 -0.286 -0.732 -0.563 -0.327 -0.213 -0.125 -0.237 -0.439 -0.451 -0.187 -0.257 -0.373
 1850     22     20     19     19     19     21     22     23     24     23     24     25
 1851 -0.296 -0.356 -0.479 -0.441 -0.295 -0.197 -0.212 -0.157 -0.101 -0.057 -0.020 -0.051 -0.218
 1851     23     22     20     21     20     21     22     23     19     20     18     20
 1852 -0.315 -0.477 -0.502 -0.557 -0.211 -0.040 -0.018 -0.202 -0.125 -0.216 -0.193  0.073 -0.228
 1852     23     22     22     23     23     24     23     24     21     22     22     25
 1853 -0.182 -0.327 -0.309 -0.355 -0.268 -0.175 -0.059 -0.148 -0.404 -0.362 -0.255 -0.437 -0.269
 1853     25     26     26     24     25     27     26     29     28     29     26     27
 1854 -0.365 -0.282 -0.286 -0.353 -0.233 -0.219 -0.227 -0.167 -0.119 -0.192 -0.367 -0.233 -0.248
 1854     30     29     29     28     28     27     28     32     28     30     29     28
 1855 -0.169 -0.401 -0.306 -0.223 -0.338 -0.167 -0.271 -0.163 -0.336 -0.217 -0.214 -0.518 -0.272
 1855     29     30     27     27     29     28     30     30     28     25     25     23
 1856 -0.122 -0.376 -0.528 -0.380 -0.129 -0.291 -0.304 -0.309 -0.461 -0.391 -0.608 -0.449 -0.358
 1856     25     27     25     26     27     26     25     27     26     28     31     26
 1857 -0.513 -0.345 -0.434 -0.649 -0.570 -0.310 -0.541 -0.329 -0.393 -0.474 -0.668 -0.358 -0.461
 1857     26     26     26     25     26     24     27     28     26     26     25     24
 1858 -0.528 -0.708 -0.548 -0.512 -0.653 -0.582 -0.329 -0.278 -0.332 -0.211 -0.643 -0.304 -0.467
 1858     26     26     27     26     25     23     23     23     23     21     22     25
 1859 -0.308 -0.189 -0.327 -0.195 -0.307 -0.248 -0.274 -0.100 -0.565 -0.249 -0.315 -0.363 -0.284
 1859     23     23     22     20     21     19     22     22     20     21     19     22
 1860 -0.181 -0.426 -0.642 -0.332 -0.293 -0.309 -0.109 -0.182 -0.217 -0.195 -0.515 -0.762 -0.343
 1860     24     20     21     21     20     18     19     20     18     18     18     17
 1861 -0.893 -0.508 -0.464 -0.386 -0.768 -0.189 -0.221 -0.094 -0.330 -0.362 -0.417 -0.247 -0.407
 1861     18     16     14     13     12     13     14     15     15     16     16     16
 1862 -0.742 -0.780 -0.403 -0.240 -0.225 -0.336 -0.344 -0.700 -0.420 -0.420 -0.766 -0.887 -0.524
 1862     15     14     15     15     17     17     17     16     17     16     14     13
 1863  0.122 -0.024 -0.365 -0.244 -0.329 -0.402 -0.423 -0.326 -0.316 -0.384 -0.329 -0.341 -0.278
 1863     15     14     15     14     17     18     15     16     14     15     14     14
 1864 -0.941 -0.632 -0.507 -0.548 -0.454 -0.165 -0.159 -0.311 -0.445 -0.706 -0.472 -0.615 -0.494
 1864     15     16     15     15     14     17     16     17     14     15     16     16
 1865 -0.101 -0.615 -0.646 -0.236 -0.265 -0.285 -0.136 -0.210 -0.085 -0.270 -0.200 -0.342 -0.279
 1865     15     14     13     14     15     15     14     15     14     13     15     15
 1866  0.037 -0.216 -0.596 -0.265 -0.530  0.098  0.018 -0.273 -0.232 -0.425 -0.309 -0.334 -0.251
 1866     16     16     14     15     14     14     15     14     14     13     14     15
 1867 -0.313  0.007 -0.714 -0.266 -0.546 -0.304 -0.247 -0.234 -0.103 -0.186 -0.314 -0.628 -0.321
 1867     13     15     17     15     15     15     15     14     14     15     15     16
 1868 -0.700 -0.471 -0.079 -0.381 -0.077 -0.178  0.138 -0.041 -0.202 -0.238 -0.505 -0.131 -0.238
 1868     15     14     16     16     17     17     19     18     20     20     21     19
 1869 -0.249  0.258 -0.591 -0.221 -0.281 -0.376 -0.293 -0.084 -0.196 -0.417 -0.371 -0.358 -0.262
 1869     18     19     20     20     20     19     17     22     22     23     22     23
 1870 -0.082 -0.453 -0.400 -0.206 -0.168 -0.216  0.018 -0.259 -0.264 -0.403 -0.170 -0.720 -0.276
 1870     25     25     25     23     21     24     25     22     21     19     22     21
 1871 -0.528 -0.548  0.003 -0.139 -0.309 -0.222 -0.013 -0.221 -0.453 -0.480 -0.538 -0.561 -0.335
 1871     19     18     21     25     22     22     21     26     21     21     23     25
 1872 -0.310 -0.405 -0.470 -0.150 -0.041 -0.205 -0.113 -0.027 -0.128 -0.227 -0.244 -0.426 -0.227
 1872     26     23     22     24     25     25     23     25     25     25     24     29
 1873 -0.030 -0.344 -0.290 -0.524 -0.412 -0.257 -0.150 -0.159 -0.355 -0.401 -0.464 -0.272 -0.304
 1873     26     23     26     24     24     24     24     27     24     24     27     25
 1874  0.063 -0.435 -0.556 -0.504 -0.467 -0.457 -0.169 -0.363 -0.204 -0.433 -0.501 -0.404 -0.368
 1874     23     25     26     26     22     23     24     24     24     29     26     27
 1875 -0.571 -0.597 -0.597 -0.466 -0.175 -0.233 -0.299 -0.180 -0.268 -0.363 -0.503 -0.506 -0.395
 1875     26     26     28     26     26     27     28     27     24     25     26     26
 1876 -0.315 -0.279 -0.388 -0.298 -0.533 -0.282 -0.137 -0.248 -0.436 -0.388 -0.586 -0.716 -0.384
 1876     26     28     27     24     26     30     29     27     23     26     28     28
 1877 -0.327  0.049 -0.280 -0.321 -0.454 -0.092  0.013  0.147  0.028  0.062  0.096  0.170 -0.075
 1877     25     25     27     26     25     25     26     28     29     26     28     29
 1878  0.174  0.403  0.343  0.319 -0.082  0.019 -0.049 -0.023  0.017 -0.122 -0.200 -0.356  0.035
 1878     29     29     27     28     26     27     29     32     30     29     30     32
 1879 -0.193 -0.149 -0.094 -0.214 -0.212 -0.270 -0.230 -0.167 -0.215 -0.122 -0.390 -0.515 -0.230
 1879     29     32     34     32     35     36     34     36     33     32     32     33
 1880 -0.067 -0.173 -0.104 -0.150 -0.244 -0.307 -0.247 -0.116 -0.235 -0.386 -0.408 -0.294 -0.227
 1880     34     35     32     30     30     34     36     36     33     35     36     37
 1881 -0.353 -0.234 -0.181 -0.131 -0.030 -0.230 -0.148 -0.123 -0.240 -0.275 -0.334 -0.130 -0.200
 1881     35     36     36     36     33     34     36     39     37     37     39     38
 1882  0.125 -0.008 -0.051 -0.283 -0.372 -0.315 -0.187 -0.221 -0.156 -0.329 -0.312 -0.471 -0.213
 1882     38     38     38     40     37     37     40     39     39     37     36     37
 1883 -0.400 -0.321 -0.346 -0.397 -0.256 -0.124 -0.200 -0.210 -0.279 -0.379 -0.312 -0.323 -0.296
 1883     42     42     41     38     39     40     42     44     45     44     42     43
 1884 -0.403 -0.217 -0.459 -0.527 -0.396 -0.411 -0.424 -0.413 -0.346 -0.332 -0.567 -0.415 -0.409
 1884     41     43     40     43     47     47     46     47     47     48     46     46
 1885 -0.502 -0.412 -0.482 -0.469 -0.518 -0.486 -0.316 -0.505 -0.329 -0.242 -0.262 -0.155 -0.389
 1885     46     47     46     46     46     43     45     48     48     49     45     51
 1886 -0.396 -0.470 -0.412 -0.338 -0.188 -0.382 -0.280 -0.335 -0.432 -0.361 -0.423 -0.420 -0.367
 1886     48     49     51     46     45     49     49     51     46     49     46     48
 1887 -0.566 -0.556 -0.457 -0.435 -0.355 -0.404 -0.274 -0.362 -0.337 -0.499 -0.404 -0.395 -0.418
 1887     48     46     46     46     43     44     47     48     45     43     45     43
 1888 -0.591 -0.440 -0.534 -0.238 -0.347 -0.292 -0.304 -0.278 -0.219 -0.095 -0.194 -0.169 -0.307
 1888     44     46     45     47     44     43     45     46     44     44     43     44
 1889 -0.067 -0.082 -0.064  0.010 -0.080 -0.144 -0.191 -0.220 -0.381 -0.298 -0.398 -0.179 -0.171
 1889     45     44     42     42     42     42     40     43     41     40     40     42
 1890 -0.329 -0.368 -0.463 -0.324 -0.417 -0.371 -0.405 -0.416 -0.473 -0.498 -0.555 -0.411 -0.416
 1890     44     38     38     41     42     41     40     43     39     37     39     40
 1891 -0.512 -0.474 -0.363 -0.358 -0.199 -0.288 -0.323 -0.313 -0.193 -0.322 -0.541 -0.115 -0.330
 1891     40     39     37     38     40     39     36     36     35     35     41     39
 1892 -0.398 -0.112 -0.470 -0.484 -0.403 -0.461 -0.526 -0.443 -0.325 -0.441 -0.627 -0.793 -0.455
 1892     38     39     40     37     37     36     35     37     37     35     36     34
 1893 -0.974 -0.727 -0.373 -0.567 -0.559 -0.459 -0.277 -0.291 -0.430 -0.274 -0.415 -0.340 -0.473
 1893     36     37     39     39     37     35     36     40     40     38     36     36
 1894 -0.465 -0.374 -0.380 -0.388 -0.421 -0.493 -0.315 -0.341 -0.458 -0.444 -0.420 -0.410 -0.410
 1894     40     38     38     39     37     38     37     40     40     38     37     41
 1895 -0.497 -0.677 -0.519 -0.405 -0.415 -0.333 -0.348 -0.261 -0.284 -0.337 -0.297 -0.318 -0.390
 1895     41     38     38     36     39     40     38     42     40     42     39     41
 1896 -0.219 -0.230 -0.387 -0.352 -0.205 -0.119 -0.112 -0.063 -0.109 -0.123 -0.286 -0.034 -0.186
 1896     43     41     42     40     37     41     41     41     41     41     43     43
 1897 -0.203 -0.125 -0.275 -0.076 -0.031 -0.155 -0.157 -0.149 -0.135 -0.258 -0.453 -0.477 -0.206
 1897     40     40     39     41     44     41     40     42     44     42     42     41
 1898 -0.085 -0.380 -0.749 -0.573 -0.474 -0.319 -0.377 -0.306 -0.332 -0.556 -0.449 -0.346 -0.412
 1898     43     42     41     41     45     45     43     43     42     44     43     44
 1899 -0.208 -0.494 -0.544 -0.351 -0.316 -0.390 -0.275 -0.147 -0.136 -0.188  0.028 -0.450 -0.289
 1899     42     41     42     42     44     44     43     46     46     42     44     44
 1900 -0.266 -0.172 -0.285 -0.261 -0.273 -0.180 -0.190 -0.185 -0.230 -0.058 -0.263 -0.075 -0.203
 1900     43     40     40     38     41     40     41     42     42     42     43     44
 1901 -0.176 -0.272 -0.236 -0.187 -0.196 -0.146 -0.188 -0.196 -0.343 -0.298 -0.442 -0.428 -0.259
 1901     46     47     45     45     43     43     42     45     46     45     44     44
 1902 -0.232 -0.260 -0.398 -0.451 -0.401 -0.424 -0.391 -0.368 -0.361 -0.477 -0.538 -0.526 -0.402
 1902     47     46     47     47     48     48     49     50     47     47     48     47
 1903 -0.269 -0.181 -0.358 -0.473 -0.463 -0.537 -0.485 -0.587 -0.518 -0.653 -0.634 -0.604 -0.479
 1903     46     48     48     48     48     51     50     50     50     47     47     51
 1904 -0.644 -0.590 -0.661 -0.553 -0.527 -0.522 -0.522 -0.477 -0.478 -0.473 -0.387 -0.407 -0.520
 1904     49     48     49     46     49     49     48     50     50     50     49     51
 1905 -0.460 -0.703 -0.462 -0.555 -0.344 -0.314 -0.297 -0.301 -0.313 -0.363 -0.218 -0.199 -0.377
 1905     49     48     48     48     50     49     51     50     48     49     53     50
 1906 -0.075 -0.225 -0.284 -0.115 -0.329 -0.287 -0.315 -0.319 -0.385 -0.351 -0.427 -0.283 -0.283
 1906     50     53     50     50     51     54     51     54     49     48     50     51
 1907 -0.431 -0.512 -0.338 -0.507 -0.555 -0.524 -0.402 -0.452 -0.405 -0.359 -0.581 -0.525 -0.465
 1907     54     50     48     50     50     51     52     53     54     49     54     54
 1908 -0.412 -0.413 -0.636 -0.550 -0.474 -0.472 -0.469 -0.532 -0.454 -0.579 -0.596 -0.568 -0.511
 1908     49     52     53     53     52     50     51     53     50     53     53     55
 1909 -0.579 -0.531 -0.690 -0.604 -0.586 -0.512 -0.573 -0.317 -0.398 -0.481 -0.420 -0.591 -0.522
 1909     54     53     53     54     52     54     57     55     54     56     54     56
 1910 -0.352 -0.514 -0.487 -0.450 -0.466 -0.482 -0.466 -0.436 -0.441 -0.482 -0.652 -0.666 -0.490
 1910     56     55     52     51     54     55     53     55     54     57     56     56
 1911 -0.554 -0.753 -0.701 -0.717 -0.600 -0.567 -0.510 -0.500 -0.511 -0.465 -0.374 -0.293 -0.544
 1911     60     58     58     55     54     53     56     59     50     54     54     55
 1912 -0.361 -0.288 -0.385 -0.342 -0.375 -0.312 -0.453 -0.559 -0.557 -0.641 -0.518 -0.484 -0.437
 1912     55     56     55     56     57     55     57     57     55     56     55     56
 1913 -0.451 -0.508 -0.537 -0.431 -0.513 -0.505 -0.431 -0.390 -0.426 -0.425 -0.264 -0.232 -0.424
 1913     58     62     62     57     59     61     60     61     61     63     60     59
 1914 -0.079 -0.211 -0.326 -0.390 -0.282 -0.281 -0.328 -0.214 -0.255 -0.146 -0.183 -0.249 -0.244
 1914     59     60     60     59     58     58     57     56     48     49     51     51
 1915 -0.111 -0.044 -0.187 -0.046 -0.196 -0.215 -0.100 -0.065 -0.128 -0.255 -0.138 -0.253 -0.141
 1915     50     49     48     50     49     47     49     49     49     49     46     51
 1916 -0.235 -0.181 -0.406 -0.339 -0.351 -0.472 -0.378 -0.342 -0.335 -0.395 -0.572 -0.629 -0.383
 1916     50     50     50     48     50     48     48     52     49     49     49     49
 1917 -0.680 -0.765 -0.832 -0.477 -0.662 -0.357 -0.122 -0.226 -0.125 -0.385 -0.386 -0.635 -0.468
 1917     50     46     49     47     46     47     46     47     47     50     45     44
 1918 -0.501 -0.514 -0.445 -0.490 -0.426 -0.329 -0.336 -0.358 -0.243 -0.095 -0.050 -0.232 -0.333
 1918     48     47     47     44     41     43     45     47     43     42     40     42
 1919 -0.106 -0.085 -0.306 -0.072 -0.255 -0.252 -0.362 -0.336 -0.239 -0.296 -0.532 -0.460 -0.275
 1919     43     43     42     43     47     47     46     46     46     46     49     47
 1920 -0.239 -0.427 -0.119 -0.264 -0.200 -0.211 -0.285 -0.233 -0.139 -0.233 -0.289 -0.358 -0.247
 1920     46     49     48     46     50     46     49     50     48     51     49     52
 1921 -0.141 -0.183 -0.249 -0.220 -0.203 -0.121 -0.140 -0.283 -0.165 -0.142 -0.301 -0.147 -0.187
 1921     54     54     54     54     54     53     53     58     54     55     55     56
 1922 -0.387 -0.275 -0.267 -0.235 -0.371 -0.324 -0.229 -0.348 -0.282 -0.330 -0.292 -0.308 -0.302
 1922     56     60     59     57     56     58     59     61     60     57     61     60
 1923 -0.237 -0.419 -0.412 -0.360 -0.319 -0.243 -0.352 -0.377 -0.327 -0.270 -0.021 -0.014 -0.276
 1923     62     61     63     59     60     62     62     64     62     61     61     60
 1924 -0.315 -0.204 -0.271 -0.283 -0.245 -0.214 -0.263 -0.284 -0.284 -0.316 -0.361 -0.530 -0.294
 1924     61     63     62     59     63     61     63     63     63     58     61     60
 1925 -0.403 -0.308 -0.230 -0.273 -0.256 -0.257 -0.214 -0.128 -0.191 -0.309 -0.063  0.001 -0.215
 1925     63     63     60     62     61     59     61     62     59     60     63     61
 1926  0.086 -0.042 -0.028 -0.176 -0.217 -0.087 -0.239 -0.090 -0.097 -0.088 -0.109 -0.244 -0.108
 1926     63     63     62     60     61     62     62     61     63     64     63     61
 1927 -0.261 -0.146 -0.333 -0.258 -0.257 -0.236 -0.147 -0.145 -0.134 -0.038 -0.173 -0.422 -0.210
 1927     62     65     67     66     66     66     64     67     66     64     66     64
 1928 -0.054 -0.133 -0.344 -0.251 -0.281 -0.337 -0.166 -0.176 -0.221 -0.161 -0.153 -0.240 -0.206
 1928     63     63     63     64     65     63     64     66     64     63     64     64
 1929 -0.487 -0.670 -0.409 -0.389 -0.391 -0.351 -0.358 -0.185 -0.265 -0.176 -0.072 -0.488 -0.350
 1929     64     64     64     64     65     66     63     66     63     64     63     63
 1930 -0.327 -0.287 -0.150 -0.201 -0.201 -0.165 -0.122 -0.056 -0.079 -0.089  0.078 -0.079 -0.137
 1930     63     63     62     62     65     63     63     66     61     64     63     63
 1931 -0.007 -0.162 -0.123 -0.182 -0.166 -0.040  0.002 -0.054 -0.050 -0.046 -0.153 -0.105 -0.087
 1931     63     64     65     64     64     64     62     63     63     62     64     64
 1932  0.157 -0.196 -0.243 -0.069 -0.169 -0.191 -0.128 -0.197 -0.039 -0.176 -0.235 -0.194 -0.137
 1932     65     65     65     65     66     65     63     64     64     65     63     66
 1933 -0.295 -0.324 -0.348 -0.222 -0.213 -0.261 -0.185 -0.179 -0.235 -0.204 -0.316 -0.531 -0.273
 1933     64     62     64     63     62     60     63     66     65     64     67     65
 1934 -0.225 -0.165 -0.396 -0.250 -0.082 -0.043 -0.068 -0.058 -0.101 -0.091  0.022 -0.142 -0.131
 1934     66     63     67     64     64     60     64     64     64     64     65     67
 1935 -0.233  0.101 -0.230 -0.273 -0.245 -0.188 -0.142 -0.154 -0.141 -0.075 -0.308 -0.274 -0.178
 1935     65     66     67     65     65     66     66     69     68     68     68     69
 1936 -0.310 -0.365 -0.310 -0.213 -0.160 -0.161 -0.021 -0.045 -0.108 -0.006 -0.071 -0.014 -0.147
 1936     71     71     72     69     69     69     68     71     70     69     69     69
 1937 -0.134  0.039 -0.279 -0.135 -0.083 -0.006  0.055  0.085  0.115  0.120  0.002 -0.113 -0.026
 1937     70     70     70     68     67     69     71     71     68     67     69     67
 1938  0.013  0.017  0.057  0.077 -0.092 -0.059 -0.044  0.015  0.056  0.141  0.021 -0.296 -0.006
 1938     69     69     71     67     68     67     68     69     67     66     68     68
 1939 -0.068 -0.045 -0.271 -0.106 -0.031  0.062  0.047  0.036 -0.081 -0.278 -0.129  0.229 -0.052
 1939     68     69     69     68     67     66     65     63     58     56     57     59
 1940 -0.192 -0.043 -0.119  0.047  0.019  0.034  0.145  0.043  0.122  0.011 -0.067  0.161  0.014
 1940     58     57     56     55     59     58     60     62     57     57     57     57
 1941 -0.092 -0.017 -0.136  0.019 -0.022  0.119  0.122  0.024 -0.135  0.216  0.051  0.095  0.020
 1941     60     61     62     60     59     63     63     65     62     64     63     50
 1942  0.206 -0.088 -0.090 -0.065 -0.019  0.034 -0.081 -0.067  0.002 -0.084 -0.066  0.000 -0.027
 1942     55     60     60     58     56     54     55     57     53     53     56     52
 1943 -0.214  0.068 -0.204 -0.003 -0.018 -0.096  0.003 -0.009 -0.025  0.229  0.014  0.191 -0.004
 1943     51     54     55     51     52     52     51     55     54     52     52     54
 1944  0.281  0.125  0.135  0.046  0.057  0.152  0.220  0.236  0.293  0.209  0.007 -0.034  0.144
 1944     57     58     59     58     56     57     56     57     56     54     54     53
 1945 -0.010 -0.103 -0.048  0.168 -0.108 -0.003 -0.084  0.364  0.161  0.173 -0.012 -0.202  0.025
 1945     55     55     54     51     51     52     50     51     47     49     52     54
 1946  0.096  0.039 -0.062  0.139 -0.110 -0.255 -0.043 -0.147 -0.015 -0.052 -0.094 -0.361 -0.071
 1946     52     54     53     57     56     54     60     63     56     57     60     62
 1947 -0.113 -0.174 -0.064  0.089 -0.057  0.004 -0.003 -0.040 -0.068  0.068  0.047 -0.175 -0.038
 1947     59     64     61     60     60     59     63     63     60     57     61     62
 1948  0.089 -0.123 -0.178 -0.045  0.101  0.069 -0.104 -0.003 -0.056  0.022 -0.059 -0.198 -0.039
 1948     61     63     62     61     59     60     63     63     60     61     61     60
 1949  0.149 -0.144 -0.175  0.004 -0.053 -0.184 -0.099 -0.042 -0.079 -0.034 -0.081 -0.190 -0.074
 1949     68     67     70     69     67     67     68     69     69     68     69     70
 1950 -0.318 -0.250 -0.181 -0.173 -0.094 -0.076 -0.044 -0.120 -0.106 -0.129 -0.391 -0.250 -0.173
 1950     71     71     74     68     69     67     69     70     70     67     69     74
 1951 -0.354 -0.461 -0.293 -0.108 -0.015  0.033  0.041  0.135  0.091  0.135 -0.035  0.180 -0.052
 1951     74     73     73     70     68     68     69     72     71     72     73     75
 1952  0.184  0.130 -0.131  0.053  0.036  0.039  0.100  0.093  0.100 -0.007 -0.186 -0.062  0.028
 1952     74     77     74     73     72     72     71     73     72     72     72     73
 1953  0.064  0.147  0.126  0.191  0.138  0.167  0.048  0.099  0.077  0.073 -0.067  0.091  0.097
 1953     77     76     74     70     73     70     71     72     72     72     73     73
 1954 -0.237 -0.086 -0.153 -0.145 -0.205 -0.126 -0.199 -0.093 -0.086 -0.030  0.022 -0.232 -0.129
 1954     73     72     74     71     72     72     71     75     73     73     72     74
 1955  0.124 -0.168 -0.405 -0.246 -0.232 -0.163 -0.199 -0.062 -0.114 -0.166 -0.316 -0.337 -0.190
 1955     74     74     76     72     72     72     71     74     73     73     75     78
 1956 -0.247 -0.346 -0.315 -0.335 -0.280 -0.230 -0.206 -0.250 -0.283 -0.233 -0.262 -0.209 -0.267
 1956     77     79     79     75     73     74     73     74     75     76     77     79
 1957 -0.167 -0.131 -0.188 -0.064  0.049  0.082 -0.000  0.093  0.037 -0.015  0.055  0.151 -0.007
 1957     80     80     81     77     74     74     74     76     75     77     77     80
 1958  0.267  0.184  0.001  0.035  0.032 -0.015  0.041  0.004 -0.053  0.014  0.011  0.030  0.046
 1958     79     80     80     78     77     76     76     78     76     76     79     79
 1959  0.087  0.033  0.079  0.046 -0.010  0.062  0.030  0.047  0.041 -0.034 -0.111 -0.069  0.017
 1959     81     83     82     77     75     75     77     77     78     78     78     82
 1960 -0.032  0.104 -0.314 -0.176 -0.156 -0.030 -0.028  0.008  0.064 -0.027 -0.149  0.146 -0.049
 1960     81     82     82     80     78     75     78     77     78     77     80     81
 1961  0.045  0.177  0.093  0.096  0.092  0.111  0.019  0.033 -0.029 -0.033 -0.018 -0.117  0.038
 1961     83     84     83     81     79     79     78     81     79     80     83     83
 1962  0.053  0.135  0.028  0.024 -0.047 -0.052  0.018 -0.005 -0.017  0.042  0.010 -0.012  0.014
 1962     85     85     85     81     79     79     78     80     80     80     81     83
 1963 -0.045  0.148 -0.147 -0.069 -0.022 -0.033  0.111  0.126  0.127  0.225  0.164 -0.006  0.048
 1963     85     83     82     82     79     79     77     79     80     79     81     84
 1964 -0.053 -0.127 -0.278 -0.246 -0.177 -0.161 -0.172 -0.256 -0.282 -0.267 -0.295 -0.353 -0.223
 1964     86     85     84     82     79     80     79     80     82     81     82     85
 1965 -0.106 -0.249 -0.218 -0.255 -0.162 -0.110 -0.183 -0.106 -0.088 -0.024 -0.130 -0.065 -0.140
 1965     83     84     84     82     81     79     79     80     81     82     84     85
 1966 -0.094 -0.093 -0.067 -0.105 -0.138  0.038  0.030 -0.017 -0.038 -0.104 -0.095 -0.140 -0.068
 1966     86     85     84     81     82     80     79     80     82     81     82     82
 1967 -0.172 -0.237 -0.050 -0.063  0.076 -0.081 -0.063 -0.061 -0.093  0.062 -0.059 -0.147 -0.074
 1967     86     86     85     83     81     81     80     81     80     80     82     84
 1968 -0.241 -0.212  0.036 -0.169 -0.218 -0.107 -0.102 -0.059 -0.086 -0.021 -0.071 -0.110 -0.113
 1968     86     85     85     83     82     81     81     82     81     81     82     84
 1969 -0.172 -0.168 -0.005  0.106  0.132  0.025  0.038  0.054  0.019  0.031  0.131  0.194  0.032
 1969     88     86     83     83     82     81     82     82     83     82     84     86
 1970  0.070  0.144 -0.069  0.056 -0.036 -0.015 -0.050 -0.093 -0.040 -0.075 -0.050 -0.166 -0.027
 1970     88     86     87     84     83     82     82     82     82     82     83     86
 1971 -0.102 -0.289 -0.282 -0.237 -0.214 -0.235 -0.130 -0.168 -0.124 -0.165 -0.086 -0.199 -0.186
 1971     86     87     86     84     80     81     83     82     83     84     83     87
 1972 -0.379 -0.291 -0.132 -0.077 -0.065  0.008 -0.017  0.016 -0.053  0.007  0.002  0.187 -0.065
 1972     88     88     87     84     81     82     82     81     82     84     84     87
 1973  0.147  0.278  0.226  0.162  0.085  0.110  0.026  0.017 -0.042 -0.047 -0.099 -0.113  0.062
 1973     88     88     86     83     83     84     83     85     82     83     86     87
 1974 -0.372 -0.410 -0.229 -0.180 -0.196 -0.153 -0.127 -0.083 -0.129 -0.220 -0.217 -0.242 -0.214
 1974     89     88     87     84     83     81     82     83     82     83     84     87
 1975 -0.075 -0.093 -0.077 -0.090 -0.086 -0.086 -0.110 -0.180 -0.126 -0.234 -0.319 -0.309 -0.149
 1975     86     87     84     84     83     82     81     83     84     82     83     85
 1976 -0.233 -0.329 -0.445 -0.195 -0.317 -0.250 -0.182 -0.202 -0.162 -0.316 -0.180 -0.087 -0.241
 1976     86     86     85     84     82     81     81     83     82     83     83     85
 1977 -0.074  0.077  0.102  0.094  0.072  0.112  0.065 -0.001  0.033 -0.005  0.141 -0.051  0.047
 1977     87     87     86     84     82     83     82     84     83     83     85     87
 1978  0.017 -0.035  0.028 -0.061 -0.085 -0.135 -0.066 -0.185 -0.054 -0.112  0.046 -0.098 -0.062
 1978     88     88     87     85     84     82     82     83     82     83     83     88
 1979 -0.029 -0.138  0.016 -0.050 -0.033  0.058  0.054  0.083  0.092  0.135  0.146  0.355  0.057
 1979     91     90     89     89     89     88     88     87     86     86     87     90
 1980  0.134  0.217  0.069  0.144  0.142  0.070  0.061  0.038  0.039  0.011  0.129  0.055  0.092
 1980     90     90     89     87     85     85     84     85     83     84     85     89
 1981  0.329  0.197  0.208  0.131  0.066  0.125  0.089  0.121  0.072  0.004  0.072  0.265  0.140
 1981     89     89     89     86     83     83     83     84     83     85     86     87
 1982 -0.045  0.006 -0.129  0.029  0.040 -0.055 -0.016 -0.009  0.075  0.006 -0.009  0.250  0.011
 1982     88     90     90     87     84     83     83     83     83     84     86     87
 1983  0.428  0.313  0.213  0.120  0.137  0.134  0.152  0.200  0.188  0.099  0.256  0.089  0.194
 1983     89     91     90     87     84     84     84     85     85     85     85     87
 1984  0.118  0.013  0.049 -0.046  0.092 -0.015 -0.037  0.041  0.033 -0.022 -0.121 -0.274 -0.014
 1984     91     91     88     86     85     85     83     86     85     85     87     87
 1985  0.011 -0.133 -0.026 -0.040 -0.003 -0.061 -0.060  0.026 -0.032  0.018 -0.072  0.014 -0.030
 1985     89     90     89     87     86     85     88     87     86     87     87     91
 1986  0.124  0.090  0.075  0.078  0.045  0.049 -0.002  0.002  0.011  0.066 -0.007  0.010  0.045
 1986     89     90     89     89     86     85     86     87     86     87     87     88
 1987  0.112  0.302  0.022  0.095  0.148  0.127  0.269  0.237  0.274  0.204  0.197  0.322  0.192
 1987     90     91     89     87     86     86     87     87     86     86     87     89
 1988  0.388  0.233  0.262  0.225  0.211  0.221  0.173  0.176  0.183  0.139  0.027  0.146  0.198
 1988     89     91     89     88     85     86     85     86     86     86     86     87
 1989  0.012  0.149  0.136  0.081  0.079  0.074  0.156  0.177  0.142  0.151  0.060  0.201  0.118
 1989     89     90     89     88     86     85     85     84     85     86     86     88
 1990  0.217  0.307  0.562  0.366  0.278  0.277  0.231  0.250  0.178  0.332  0.318  0.248  0.296
 1990     87     89     87     87     87     85     84     85     84     84     85     86
 1991  0.288  0.298  0.198  0.383  0.303  0.306  0.307  0.258  0.243  0.191  0.160  0.120  0.254
 1991     86     87     87     85     84     84     84     84     83     83     84     85
 1992  0.367  0.319  0.258  0.137  0.173  0.130 -0.016  0.007 -0.064 -0.048 -0.084  0.082  0.105
 1992     87     86     87     84     84     83     81     83     83     83     85     86
 1993  0.307  0.253  0.239  0.131  0.178  0.179  0.131  0.097  0.070  0.109 -0.036  0.129  0.148
 1993     86     87     87     85     82     82     82     84     83     83     84     85
 1994  0.182 -0.048  0.222  0.210  0.268  0.262  0.170  0.186  0.190  0.311  0.314  0.246  0.208
 1994     86     86     86     83     83     82     82     84     84     85     85     85
 1995  0.421  0.601  0.322  0.285  0.218  0.312  0.331  0.357  0.263  0.336  0.324  0.132  0.325
 1995     86     86     87     86     84     84     86     86     86     85     85     86
 1996  0.116  0.323  0.186  0.130  0.224  0.168  0.221  0.207  0.104  0.132  0.146  0.232  0.183
 1996     87     87     87     85     84     85     84     84     85     84     84     86
 1997  0.211  0.313  0.344  0.266  0.286  0.411  0.373  0.440  0.479  0.558  0.501  0.503  0.390
 1997     87     86     86     85     85     84     84     85     84     84     84     85
 1998  0.489  0.763  0.549  0.650  0.582  0.591  0.673  0.605  0.400  0.407  0.298  0.472  0.539
 1998     86     86     86     84     85     84     84     85     83     83     84     85
 1999  0.347  0.583  0.226  0.324  0.245  0.273  0.288  0.228  0.305  0.253  0.241  0.370  0.306
 1999     86     86     84     84     83     83     83     84     83     84     84     86
 2000  0.224  0.449  0.382  0.479  0.279  0.270  0.261  0.353  0.312  0.225  0.160  0.157  0.294
 2000     87     87     85     84     82     82     82     84     82     83     83     85
 2001  0.357  0.319  0.510  0.462  0.418  0.419  0.464  0.505  0.431  0.421  0.613  0.383  0.441
 2001     85     85     85     84     83     83     83     85     83     83     84     85
 2002  0.654  0.703  0.701  0.460  0.427  0.471  0.491  0.453  0.424  0.411  0.450  0.325  0.496
 2002     86     87     87     85     84     84     83     84     83     84     86     86
 2003  0.600  0.459  0.450  0.437  0.473  0.454  0.475  0.549  0.536  0.612  0.457  0.589  0.505
 2003     85     86     86     85     85     84     84     85     85     85     86     88
 2004  0.507  0.613  0.532  0.477  0.311  0.322  0.359  0.394  0.438  0.464  0.604  0.355  0.447
 2004     87     88     87     86     86     86     86     87     86     86     87     88
 2005  0.549  0.396  0.565  0.611  0.518  0.552  0.547  0.538  0.574  0.614  0.627  0.462  0.545
 2005     88     88     86     84     84     84     84     86     86     85     85     86
 2006  0.383  0.571  0.461  0.407  0.405  0.518  0.486  0.535  0.503  0.569  0.540  0.691  0.506
 2006     87     88     88     86     85     86     86     86     87     87     85     87
 2007  0.828  0.567  0.517  0.587  0.448  0.420  0.439  0.440  0.455  0.467  0.391  0.341  0.491
 2007     86     86     87     86     85     86     86     87     87     86     86     88
 2008  0.158  0.235  0.559  0.327  0.340  0.365  0.451  0.432  0.407  0.546  0.526  0.395  0.395
 2008     87     89     89     87     87     87     87     87     87     87     86     87
 2009  0.478  0.443  0.404  0.511  0.441  0.546  0.536  0.586  0.567  0.516  0.550  0.484  0.506
 2009     86     87     87     85     85     85     85     87     86     86     86     87
 2010  0.560  0.592  0.682  0.689  0.592  0.585  0.615  0.539  0.448  0.497  0.592  0.334  0.560
 2010     87     87     88     87     86     87     87     88     87     87     87     88
 2011  0.315  0.324  0.420  0.491  0.393  0.494  0.511  0.491  0.446  0.458  0.353  0.402  0.425
 2011     87     87     86     85     85     84     84     86     85     86     85     86
 2012  0.310  0.301  0.360  0.574  0.573  0.556  0.507  0.536  0.556  0.556  0.550  0.271  0.470
 2012     86     86     85     83     81     82     82     84     84     84     84     84
 2013  0.471  0.498  0.421  0.450  0.525  0.501  0.518  0.541  0.546  0.516  0.660  0.532  0.514
 2013     84     84     84     81     80     80     81     81     80     81     81     82
 2014  0.534  0.327  0.584  0.667  0.608  0.625  0.544  0.677  0.601  0.635  0.504  0.655  0.579
 2014     83     83     81     82     80     81     83     84     82     83     83     84
 2015  0.705  0.689  0.708  0.673  0.711  0.743  0.697  0.740  0.796  0.845  0.840  1.024  0.763
 2015     85     84     85     83     84     84     84     85     84     85     85     86
 2016  0.934  1.111  1.106  0.937  0.707  0.744  0.744  0.790  0.729  0.598  0.553  0.620  0.797
 2016     85     87     85     85     83     84     84     85     85     85     85     84
 2017  0.739  0.845  0.873  0.737  0.659  0.641  0.651  0.714  0.557  0.571  0.554  0.600  0.677
 2017     84     85     83     81     81     81     80     81     80     80     80     80
 2018  0.554  0.528  0.615  0.627  0.587  0.573  0.594  0.591  0.599  0.684  0.591  0.000  0.595
 2018     85     86     85     84     83     83     83     84     83     83     82      0