2.730697898511577071e-01
-1.791861212354079747e-01
-3.342885516128786261e-01
-3.293304667067245006e-01
-3.453945844342612981e-01
1.347733138521389762e-01
4.745896774281614383e-01
3.901253088476219766e-01
4.968002045963114677e-01
-3.284989391886541238e-02
-4.757252396323976007e-01
-5.736190536804812723e-01
-5.511543417729409811e-01
-3.559000213314622574e-02
1.257888494704844928e-01
9.004818759347055224e-01
4.197439604556780224e-01
4.061434605556837329e-01
2.658047192277049886e-01
-5.343628707759131569e-01
-1.710480747274962243e-01
-3.900945564919172659e-02
6.695278654695357989e-02
3.828076054797581174e-01
5.768504116285937400e-01
2.860983646054281460e-01
-2.141108445347192357e-02
-4.834083819351910338e-01
-6.798217716547093614e-01
-5.809118160140428477e-01
8.850358244014441822e-02
3.796361011149027576e-01
1.078841683547979713e+00
3.061485334746017473e-01
3.726035011603073266e-01
-3.980474480840437979e-01
-3.966217275805318798e-01
-3.528035856887706823e-01
1.010234464356072337e-01
-1.904078514880475637e-01
4.817323949490517898e-01
2.394581027280304752e-01
-1.466414384219064115e-01
-2.625055662359613851e-01
-5.280207600217956543e-01
-4.489886128806805377e-01
8.469682143687903841e-02
4.112344555603678620e-01
6.682240134466113091e-01
6.887348011367868672e-01
2.504770205313272546e-01
2.403827570583239037e-02
-4.569565700040563172e-01
-9.655547883212258764e-01
-3.326499219418461717e-01
-3.684613783426988753e-01
-3.575051043812532692e-03
5.611952985624746315e-01
6.541626098944978152e-01
5.373415847996693140e-03
-3.073053504385406809e-01
-4.544116156562544306e-02
-3.516461757809311584e-01
-5.906790627261351845e-02
7.954593314307090157e-02
6.310331542663641935e-01
4.990180444170819740e-01
-1.360099000304956784e-01
-1.233698665504144310e-01
-5.412402452749097703e-01
-7.583442010615344397e-01
-1.947317084631689232e-01
1.849013170999927735e-01
2.406909164659389866e-01
3.974289435249477309e-01
3.944259138606494020e-01
2.703655341388497835e-01
-2.984971345855487179e-01
-5.905422008260310385e-01
-2.329739293776392772e-01
-2.546377822531759039e-01
3.872192760539253098e-01
3.294147677676902419e-01
2.053039741123093842e-01
9.766957346380777949e-02
-2.818227106707990037e-01
-8.409394780807466496e-01
-4.259174030413630518e-01
-2.636031889068251033e-01
2.986371454239082901e-01
5.133420038547589215e-01
9.329608566844853623e-01
9.024703994025978782e-02
6.559932340180722743e-02
-1.027307719349366266e+00
-4.670500466687215191e-01
-1.511691877176646326e-01
-7.699716528941544236e-02
5.264403289405703568e-01
6.812383322165372901e-01
