HOMOGENIZED MONTHLY VALUES

Stations
Stnr	Name	Operates from	Operates until	Altitude	Latitude	Longitude	Municipality	County	Region
18700	OSLO (R)	1937	 	94	59.9423	10.7200	Oslo	Oslo	SOUTHEASTERN NORWAY

In the table above is the homogene timeserie name and period used. R means reconstructed station timeserie.

Elements
Code	Name	Unit
TAM	Mean temperature	degC



St.no	Month	TAM
18700	04.1837	3.1
18700	05.1837	8.9
18700	06.1837	13.5
18700	07.1837	16.0
18700	08.1837	15.7
18700	09.1837	11.2
18700	10.1837	7.6
18700	11.1837	0.8
18700	12.1837	-3.0
18700	01.1838	-8.6
18700	02.1838	-11.6
18700	03.1838	-2.2
18700	04.1838	0.9
18700	05.1838	9.0
18700	06.1838	14.5
18700	07.1838	17.3
18700	08.1838	13.7
18700	09.1838	11.9
18700	10.1838	5.0
18700	11.1838	-1.6
18700	12.1838	-4.8
18700	01.1839	-5.2
18700	02.1839	-3.4
18700	03.1839	-5.4
18700	04.1839	1.1
18700	05.1839	9.8
18700	06.1839	15.0
18700	07.1839	17.0
18700	08.1839	13.8
18700	09.1839	11.7
18700	10.1839	7.9
18700	11.1839	0.3
18700	12.1839	-5.5
18700	01.1840	-4.8
18700	02.1840	-2.3
18700	03.1840	0.0
18700	04.1840	6.4
18700	05.1840	8.8
18700	06.1840	14.3
18700	07.1840	14.3
18700	08.1840	15.5
18700	09.1840	11.6
18700	10.1840	4.1
18700	11.1840	0.9
18700	12.1840	-7.4
18700	01.1841	-8.6
18700	02.1841	-6.7
18700	03.1841	0.4
18700	04.1841	5.2
18700	05.1841	11.4
18700	06.1841	13.3
18700	07.1841	14.3
18700	08.1841	14.5
18700	09.1841	10.5
18700	10.1841	4.9
18700	11.1841	-1.7
18700	12.1841	-1.0
18700	01.1842	-4.5
18700	02.1842	-1.0
18700	03.1842	1.0
18700	04.1842	6.5
18700	05.1842	13.0
18700	06.1842	15.8
18700	07.1842	15.5
18700	08.1842	18.2
18700	09.1842	11.1
18700	10.1842	6.4
18700	11.1842	-1.4
18700	12.1842	0.3
18700	01.1843	-2.3
18700	02.1843	-5.3
18700	03.1843	-1.5
18700	04.1843	3.0
18700	05.1843	10.0
18700	06.1843	15.0
18700	07.1843	16.9
18700	08.1843	17.0
18700	09.1843	12.1
18700	10.1843	3.3
18700	11.1843	0.8
18700	12.1843	-0.6
18700	01.1844	-5.6
18700	02.1844	-9.9
18700	03.1844	-3.4
18700	04.1844	5.2
18700	05.1844	12.6
18700	06.1844	13.5
18700	07.1844	16.1
18700	08.1844	14.4
18700	09.1844	11.4
18700	10.1844	6.0
18700	11.1844	-1.0
18700	12.1844	-9.6
18700	01.1845	-3.3
18700	02.1845	-11.8
18700	03.1845	-5.1
18700	04.1845	4.7
18700	05.1845	9.7
18700	06.1845	14.5
18700	07.1845	16.7
18700	08.1845	15.2
18700	09.1845	10.9
18700	10.1845	4.4
18700	11.1845	3.0
18700	12.1845	-2.8
18700	01.1846	-3.5
18700	02.1846	-4.4
18700	03.1846	1.9
18700	04.1846	4.6
18700	05.1846	9.0
18700	06.1846	16.9
18700	07.1846	17.2
18700	08.1846	19.8
18700	09.1846	12.9
18700	10.1846	9.5
18700	11.1846	1.6
18700	12.1846	-6.9
18700	01.1847	-6.9
18700	02.1847	-6.2
18700	03.1847	-1.4
18700	04.1847	1.6
18700	05.1847	9.4
18700	06.1847	15.7
18700	07.1847	17.7
18700	08.1847	16.2
18700	09.1847	10.3
18700	10.1847	4.1
18700	11.1847	4.2
18700	12.1847	-0.8
18700	01.1848	-7.1
18700	02.1848	-3.7
18700	03.1848	0.0
18700	04.1848	4.6
18700	05.1848	11.7
18700	06.1848	14.5
18700	07.1848	14.9
18700	08.1848	13.0
18700	09.1848	11.1
18700	10.1848	5.2
18700	11.1848	-1.9
18700	12.1848	-4.0
18700	01.1849	-8.1
18700	02.1849	-2.0
18700	03.1849	0.3
18700	04.1849	3.2
18700	05.1849	11.1
18700	06.1849	12.4
18700	07.1849	15.5
18700	08.1849	15.2
18700	09.1849	10.9
18700	10.1849	3.4
18700	11.1849	-0.2
18700	12.1849	-5.9
18700	01.1850	-9.9
18700	02.1850	-2.0
18700	03.1850	-1.5
18700	04.1850	3.8
18700	05.1850	10.3
18700	06.1850	14.6
18700	07.1850	17.2
18700	08.1850	15.0
18700	09.1850	10.7
18700	10.1850	4.0
18700	11.1850	-1.1
18700	12.1850	-2.1
18700	01.1851	-2.4
18700	02.1851	-2.3
18700	03.1851	-1.8
18700	04.1851	4.3
18700	05.1851	8.4
18700	06.1851	12.5
18700	07.1851	14.2
18700	08.1851	14.2
18700	09.1851	11.6
18700	10.1851	6.7
18700	11.1851	0.0
18700	12.1851	-0.7
18700	01.1852	-2.2
18700	02.1852	-4.5
18700	03.1852	-0.6
18700	04.1852	3.1
18700	05.1852	11.1
18700	06.1852	14.8
18700	07.1852	19.1
18700	08.1852	17.1
18700	09.1852	11.3
18700	10.1852	2.5
18700	11.1852	-2.5
18700	12.1852	-2.6
18700	01.1853	-1.4
18700	02.1853	-7.8
18700	03.1853	-5.4
18700	04.1853	1.9
18700	05.1853	10.9
18700	06.1853	17.4
18700	07.1853	16.8
18700	08.1853	14.4
18700	09.1853	11.8
18700	10.1853	6.1
18700	11.1853	2.3
18700	12.1853	-3.5
18700	01.1854	-5.6
18700	02.1854	-1.7
18700	03.1854	2.7
18700	04.1854	5.9
18700	05.1854	10.6
18700	06.1854	15.2
18700	07.1854	18.7
18700	08.1854	16.7
18700	09.1854	11.3
18700	10.1854	6.0
18700	11.1854	-1.4
18700	12.1854	-3.4
18700	01.1855	-6.1
18700	02.1855	-13.0
18700	03.1855	-3.2
18700	04.1855	3.4
18700	05.1855	8.2
18700	06.1855	15.1
18700	07.1855	20.7
18700	08.1855	15.3
18700	09.1855	11.1
18700	10.1855	5.9
18700	11.1855	-0.1
18700	12.1855	-7.1
18700	01.1856	-5.0
18700	02.1856	-6.6
18700	03.1856	-1.8
18700	04.1856	4.2
18700	05.1856	9.4
18700	06.1856	13.4
18700	07.1856	14.9
18700	08.1856	13.0
18700	09.1856	10.3
18700	10.1856	6.5
18700	11.1856	-3.9
18700	12.1856	-4.6
18700	01.1857	-6.9
18700	02.1857	-1.8
18700	03.1857	-0.7
18700	04.1857	3.3
18700	05.1857	10.5
18700	06.1857	15.2
18700	07.1857	16.1
18700	08.1857	18.6
18700	09.1857	13.5
18700	10.1857	7.9
18700	11.1857	-0.2
18700	12.1857	1.5
18700	01.1858	-0.9
18700	02.1858	-1.9
18700	03.1858	0.8
18700	04.1858	5.0
18700	05.1858	10.1
18700	06.1858	17.7
18700	07.1858	17.7
18700	08.1858	17.4
18700	09.1858	13.4
18700	10.1858	5.2
18700	11.1858	-2.8
18700	12.1858	-1.8
18700	01.1859	-0.8
18700	02.1859	-0.3
18700	03.1859	1.6
18700	04.1859	3.2
18700	05.1859	12.1
18700	06.1859	16.5
18700	07.1859	18.1
18700	08.1859	16.2
18700	09.1859	11.7
18700	10.1859	5.0
18700	11.1859	0.1
18700	12.1859	-5.0
18700	01.1860	-4.9
18700	02.1860	-6.3
18700	03.1860	-2.6
18700	04.1860	3.4
18700	05.1860	9.0
18700	06.1860	14.5
18700	07.1860	16.6
18700	08.1860	13.8
18700	09.1860	10.3
18700	10.1860	5.0
18700	11.1860	-1.0
18700	12.1860	-8.9
18700	01.1861	-8.5
18700	02.1861	-1.1
18700	03.1861	0.7
18700	04.1861	4.9
18700	05.1861	7.8
18700	06.1861	17.9
18700	07.1861	16.6
18700	08.1861	15.1
18700	09.1861	10.4
18700	10.1861	7.4
18700	11.1861	-1.1
18700	12.1861	-1.3
18700	01.1862	-5.5
18700	02.1862	-7.9
18700	03.1862	-3.9
18700	04.1862	3.3
18700	05.1862	11.9
18700	06.1862	13.8
18700	07.1862	14.0
18700	08.1862	14.1
18700	09.1862	11.1
18700	10.1862	6.6
18700	11.1862	2.3
18700	12.1862	-3.2
18700	01.1863	-0.1
18700	02.1863	0.0
18700	03.1863	0.5
18700	04.1863	5.8
18700	05.1863	8.7
18700	06.1863	14.7
18700	07.1863	15.1
18700	08.1863	15.0
18700	09.1863	11.2
18700	10.1863	7.7
18700	11.1863	2.8
18700	12.1863	-1.1
18700	01.1864	-5.2
18700	02.1864	-3.2
18700	03.1864	-3.9
18700	04.1864	3.5
18700	05.1864	7.9
18700	06.1864	13.6
18700	07.1864	17.1
18700	08.1864	13.2
18700	09.1864	10.9
18700	10.1864	3.0
18700	11.1864	-2.5
18700	12.1864	-2.0
18700	01.1865	-3.2
18700	02.1865	-9.6
18700	03.1865	-3.5
18700	04.1865	4.8
18700	05.1865	11.3
18700	06.1865	13.4
18700	07.1865	16.8
18700	08.1865	14.5
18700	09.1865	12.7
18700	10.1865	3.7
18700	11.1865	2.1
18700	12.1865	0.0
18700	01.1866	0.2
18700	02.1866	-3.1
18700	03.1866	-5.4
18700	04.1866	5.2
18700	05.1866	8.8
18700	06.1866	16.3
18700	07.1866	16.4
18700	08.1866	14.9
18700	09.1866	12.4
18700	10.1866	5.6
18700	11.1866	-2.6
18700	12.1866	-2.9
18700	01.1867	-10.0
18700	02.1867	-1.8
18700	03.1867	-4.2
18700	04.1867	2.3
18700	05.1867	5.8
18700	06.1867	12.8
18700	07.1867	15.8
18700	08.1867	16.4
18700	09.1867	10.9
18700	10.1867	6.3
18700	11.1867	-0.2
18700	12.1867	-8.7
18700	01.1868	-5.5
18700	02.1868	-1.4
18700	03.1868	0.9
18700	04.1868	4.6
18700	05.1868	11.6
18700	06.1868	15.2
18700	07.1868	18.9
18700	08.1868	18.2
18700	09.1868	10.5
18700	10.1868	5.2
18700	11.1868	0.3
18700	12.1868	-1.7
18700	01.1869	-3.4
18700	02.1869	-1.4
18700	03.1869	-2.5
18700	04.1869	5.5
18700	05.1869	8.3
18700	06.1869	12.9
18700	07.1869	16.7
18700	08.1869	14.3
18700	09.1869	10.8
18700	10.1869	5.3
18700	11.1869	-2.4
18700	12.1869	-4.5
18700	01.1870	-4.0
18700	02.1870	-9.0
18700	03.1870	-1.7
18700	04.1870	4.5
18700	05.1870	10.2
18700	06.1870	14.4
18700	07.1870	17.6
18700	08.1870	16.1
18700	09.1870	10.2
18700	10.1870	4.1
18700	11.1870	0.6
18700	12.1870	-7.7
18700	01.1871	-7.2
18700	02.1871	-10.1
18700	03.1871	0.8
18700	04.1871	2.3
18700	05.1871	8.7
18700	06.1871	14.1
18700	07.1871	15.8
18700	08.1871	15.7
18700	09.1871	9.6
18700	10.1871	4.8
18700	11.1871	-1.9
18700	12.1871	-4.4
18700	01.1872	-0.2
18700	02.1872	-1.8
18700	03.1872	-0.9
18700	04.1872	5.2
18700	05.1872	10.8
18700	06.1872	15.3
18700	07.1872	18.5
18700	08.1872	14.3
18700	09.1872	10.7
18700	10.1872	7.7
18700	11.1872	2.9
18700	12.1872	-4.9
18700	01.1873	0.0
18700	02.1873	-2.1
18700	03.1873	-1.1
18700	04.1873	4.1
18700	05.1873	7.7
18700	06.1873	15.3
18700	07.1873	17.4
18700	08.1873	14.5
18700	09.1873	11.1
18700	10.1873	4.8
18700	11.1873	0.0
18700	12.1873	0.0
18700	01.1874	1.1
18700	02.1874	0.0
18700	03.1874	0.9
18700	04.1874	5.2
18700	05.1874	9.0
18700	06.1874	14.8
18700	07.1874	16.9
18700	08.1874	13.7
18700	09.1874	11.2
18700	10.1874	8.3
18700	11.1874	0.1
18700	12.1874	-7.9
18700	01.1875	-8.5
18700	02.1875	-8.0
18700	03.1875	-2.8
18700	04.1875	4.3
18700	05.1875	10.8
18700	06.1875	14.7
18700	07.1875	17.3
18700	08.1875	16.6
18700	09.1875	11.7
18700	10.1875	3.6
18700	11.1875	-2.4
18700	12.1875	-3.4
18700	01.1876	-3.6
18700	02.1876	-4.5
18700	03.1876	-1.6
18700	04.1876	3.7
18700	05.1876	9.1
18700	06.1876	16.4
18700	07.1876	17.2
18700	08.1876	16.1
18700	09.1876	10.6
18700	10.1876	5.0
18700	11.1876	-2.1
18700	12.1876	-8.9
18700	01.1877	-6.0
18700	02.1877	-7.6
18700	03.1877	-4.4
18700	04.1877	1.6
18700	05.1877	7.4
18700	06.1877	14.1
18700	07.1877	15.8
18700	08.1877	13.1
18700	09.1877	8.0
18700	10.1877	4.6
18700	11.1877	3.5
18700	12.1877	-1.4
18700	01.1878	-5.5
18700	02.1878	-0.7
18700	03.1878	0.9
18700	04.1878	6.5
18700	05.1878	10.1
18700	06.1878	15.0
18700	07.1878	16.6
18700	08.1878	16.9
18700	09.1878	12.2
18700	10.1878	8.1
18700	11.1878	-0.4
18700	12.1878	-5.6
18700	01.1879	-6.0
18700	02.1879	-7.0
18700	03.1879	-2.1
18700	04.1879	3.6
18700	05.1879	9.9
18700	06.1879	14.8
18700	07.1879	16.4
18700	08.1879	16.2
18700	09.1879	11.7
18700	10.1879	5.4
18700	11.1879	-1.1
18700	12.1879	-5.9
18700	01.1880	-4.7
18700	02.1880	-0.6
18700	03.1880	1.0
18700	04.1880	5.3
18700	05.1880	9.7
18700	06.1880	15.8
18700	07.1880	16.0
18700	08.1880	18.5
18700	09.1880	13.1
18700	10.1880	0.5
18700	11.1880	-1.0
18700	12.1880	-5.8
18700	01.1881	-8.7
18700	02.1881	-6.9
18700	03.1881	-5.4
18700	04.1881	0.3
18700	05.1881	9.5
18700	06.1881	14.6
18700	07.1881	15.6
18700	08.1881	13.6
18700	09.1881	11.2
18700	10.1881	3.4
18700	11.1881	1.8
18700	12.1881	0.5
18700	01.1882	0.0
18700	02.1882	-1.2
18700	03.1882	2.2
18700	04.1882	4.2
18700	05.1882	10.5
18700	06.1882	14.7
18700	07.1882	16.3
18700	08.1882	16.1
18700	09.1882	12.6
18700	10.1882	5.7
18700	11.1882	-1.7
18700	12.1882	-5.0
18700	01.1883	-5.1
18700	02.1883	-1.4
18700	03.1883	-3.0
18700	04.1883	5.4
18700	05.1883	10.3
18700	06.1883	15.2
18700	07.1883	17.1
18700	08.1883	15.0
18700	09.1883	10.9
18700	10.1883	5.6
18700	11.1883	2.1
18700	12.1883	-3.1
18700	01.1884	-3.1
18700	02.1884	-1.1
18700	03.1884	0.7
18700	04.1884	4.1
18700	05.1884	8.7
18700	06.1884	14.2
18700	07.1884	16.7
18700	08.1884	16.2
18700	09.1884	13.4
18700	10.1884	7.2
18700	11.1884	-0.9
18700	12.1884	-4.2
18700	01.1885	-5.8
18700	02.1885	-1.0
18700	03.1885	-0.3
18700	04.1885	5.2
18700	05.1885	7.7
18700	06.1885	13.1
18700	07.1885	16.6
18700	08.1885	13.7
18700	09.1885	9.7
18700	10.1885	3.8
18700	11.1885	-0.9
18700	12.1885	-1.5
18700	01.1886	-2.9
18700	02.1886	-3.4
18700	03.1886	-2.6
18700	04.1886	3.9
18700	05.1886	9.1
18700	06.1886	14.4
18700	07.1886	16.2
18700	08.1886	14.8
18700	09.1886	11.0
18700	10.1886	5.6
18700	11.1886	2.5
18700	12.1886	-5.8
18700	01.1887	-1.3
18700	02.1887	-0.3
18700	03.1887	1.0
18700	04.1887	4.2
18700	05.1887	10.3
18700	06.1887	16.1
18700	07.1887	16.1
18700	08.1887	14.2
18700	09.1887	11.2
18700	10.1887	4.3
18700	11.1887	-1.0
18700	12.1887	-4.0
18700	01.1888	-3.4
18700	02.1888	-8.1
18700	03.1888	-6.5
18700	04.1888	1.6
18700	05.1888	8.9
18700	06.1888	15.2
18700	07.1888	15.8
18700	08.1888	13.8
18700	09.1888	11.0
18700	10.1888	4.4
18700	11.1888	-1.1
18700	12.1888	-0.2
18700	01.1889	-1.5
18700	02.1889	-4.9
18700	03.1889	-1.8
18700	04.1889	5.1
18700	05.1889	14.6
18700	06.1889	19.6
18700	07.1889	16.4
18700	08.1889	14.5
18700	09.1889	10.0
18700	10.1889	6.9
18700	11.1889	0.8
18700	12.1889	-1.4
18700	01.1890	0.6
18700	02.1890	-2.7
18700	03.1890	1.2
18700	04.1890	4.6
18700	05.1890	12.9
18700	06.1890	13.5
18700	07.1890	14.4
18700	08.1890	14.5
18700	09.1890	12.3
18700	10.1890	4.7
18700	11.1890	0.3
18700	12.1890	-5.1
18700	01.1891	-5.7
18700	02.1891	-1.4
18700	03.1891	-1.7
18700	04.1891	4.4
18700	05.1891	9.6
18700	06.1891	14.8
18700	07.1891	17.3
18700	08.1891	14.3
18700	09.1891	11.5
18700	10.1891	7.8
18700	11.1891	-1.0
18700	12.1891	-2.4
18700	01.1892	-6.9
18700	02.1892	-4.3
18700	03.1892	-0.3
18700	04.1892	4.3
18700	05.1892	9.2
18700	06.1892	13.8
18700	07.1892	16.4
18700	08.1892	14.2
18700	09.1892	11.0
18700	10.1892	5.7
18700	11.1892	1.7
18700	12.1892	-5.5
18700	01.1893	-8.1
18700	02.1893	-9.7
18700	03.1893	0.9
18700	04.1893	5.3
18700	05.1893	10.1
18700	06.1893	15.6
18700	07.1893	17.6
18700	08.1893	15.5
18700	09.1893	9.9
18700	10.1893	5.6
18700	11.1893	-1.8
18700	12.1893	-0.3
18700	01.1894	-1.8
18700	02.1894	-1.7
18700	03.1894	2.4
18700	04.1894	6.9
18700	05.1894	8.7
18700	06.1894	15.3
18700	07.1894	18.3
18700	08.1894	14.4
18700	09.1894	9.7
18700	10.1894	3.9
18700	11.1894	2.8
18700	12.1894	-1.5
18700	01.1895	-6.5
18700	02.1895	-7.3
18700	03.1895	-0.9
18700	04.1895	4.9
18700	05.1895	13.5
18700	06.1895	15.4
18700	07.1895	15.2
18700	08.1895	15.0
18700	09.1895	12.0
18700	10.1895	3.4
18700	11.1895	-0.7
18700	12.1895	-3.9
18700	01.1896	-4.6
18700	02.1896	-1.0
18700	03.1896	0.5
18700	04.1896	5.0
18700	05.1896	11.7
18700	06.1896	17.7
18700	07.1896	18.5
18700	08.1896	14.8
18700	09.1896	11.5
18700	10.1896	5.8
18700	11.1896	-1.7
18700	12.1896	-3.4
18700	01.1897	-5.5
18700	02.1897	-3.9
18700	03.1897	-1.0
18700	04.1897	5.3
18700	05.1897	10.6
18700	06.1897	15.6
18700	07.1897	18.9
18700	08.1897	16.9
18700	09.1897	10.9
18700	10.1897	4.7
18700	11.1897	0.0
18700	12.1897	-0.5
18700	01.1898	0.6
18700	02.1898	-1.9
18700	03.1898	-0.5
18700	04.1898	3.7
18700	05.1898	9.2
18700	06.1898	14.7
18700	07.1898	15.1
18700	08.1898	13.7
18700	09.1898	11.2
18700	10.1898	6.1
18700	11.1898	0.7
18700	12.1898	-1.4
18700	01.1899	-5.3
18700	02.1899	-2.5
18700	03.1899	-1.2
18700	04.1899	3.9
18700	05.1899	9.3
18700	06.1899	15.0
18700	07.1899	19.3
18700	08.1899	16.3
18700	09.1899	10.7
18700	10.1899	5.7
18700	11.1899	3.5
18700	12.1899	-3.6
18700	01.1900	-3.5
18700	02.1900	-8.3
18700	03.1900	-1.4
18700	04.1900	3.6
18700	05.1900	8.3
18700	06.1900	16.5
18700	07.1900	16.4
18700	08.1900	15.2
18700	09.1900	11.2
18700	10.1900	6.0
18700	11.1900	0.9
18700	12.1900	-2.3
18700	01.1901	-5.5
18700	02.1901	-7.5
18700	03.1901	-1.3
18700	04.1901	5.4
18700	05.1901	12.2
18700	06.1901	14.6
18700	07.1901	21.7
18700	08.1901	16.9
18700	09.1901	12.5
18700	10.1901	8.8
18700	11.1901	-2.1
18700	12.1901	-3.5
18700	01.1902	-1.3
18700	02.1902	-5.3
18700	03.1902	-0.5
18700	04.1902	3.2
18700	05.1902	7.6
18700	06.1902	15.0
18700	07.1902	14.3
18700	08.1902	12.5
18700	09.1902	9.3
18700	10.1902	3.8
18700	11.1902	-0.4
18700	12.1902	-6.1
18700	01.1903	-5.6
18700	02.1903	0.6
18700	03.1903	3.0
18700	04.1903	3.7
18700	05.1903	10.2
18700	06.1903	15.2
18700	07.1903	15.8
18700	08.1903	14.1
18700	09.1903	11.5
18700	10.1903	4.2
18700	11.1903	-0.6
18700	12.1903	-2.4
18700	01.1904	-1.4
18700	02.1904	-5.0
18700	03.1904	-1.4
18700	04.1904	4.2
18700	05.1904	8.3
18700	06.1904	14.8
18700	07.1904	17.2
18700	08.1904	15.4
18700	09.1904	11.0
18700	10.1904	6.3
18700	11.1904	-1.3
18700	12.1904	-3.3
18700	01.1905	-2.4
18700	02.1905	-0.8
18700	03.1905	1.2
18700	04.1905	3.2
18700	05.1905	10.5
18700	06.1905	16.7
18700	07.1905	17.5
18700	08.1905	13.9
18700	09.1905	10.7
18700	10.1905	2.5
18700	11.1905	-0.1
18700	12.1905	-0.8
18700	01.1906	-2.4
18700	02.1906	-1.7
18700	03.1906	-0.2
18700	04.1906	5.1
18700	05.1906	10.4
18700	06.1906	16.9
18700	07.1906	16.4
18700	08.1906	14.9
18700	09.1906	11.7
18700	10.1906	6.3
18700	11.1906	2.7
18700	12.1906	-2.4
18700	01.1907	-4.9
18700	02.1907	-2.4
18700	03.1907	0.9
18700	04.1907	4.6
18700	05.1907	8.5
18700	06.1907	13.0
18700	07.1907	15.2
18700	08.1907	12.9
18700	09.1907	10.4
18700	10.1907	9.4
18700	11.1907	1.9
18700	12.1907	-4.9
18700	01.1908	-3.7
18700	02.1908	0.1
18700	03.1908	-2.4
18700	04.1908	4.2
18700	05.1908	9.2
18700	06.1908	14.7
18700	07.1908	16.9
18700	08.1908	15.5
18700	09.1908	10.4
18700	10.1908	7.4
18700	11.1908	0.0
18700	12.1908	-1.0
18700	01.1909	-1.7
18700	02.1909	-5.3
18700	03.1909	-2.3
18700	04.1909	2.9
18700	05.1909	7.5
18700	06.1909	14.7
18700	07.1909	15.8
18700	08.1909	14.7
18700	09.1909	10.8
18700	10.1909	8.3
18700	11.1909	-1.3
18700	12.1909	-3.1
18700	01.1910	-4.5
18700	02.1910	0.0
18700	03.1910	1.8
18700	04.1910	5.2
18700	05.1910	11.2
18700	06.1910	15.4
18700	07.1910	16.2
18700	08.1910	15.3
18700	09.1910	11.9
18700	10.1910	5.8
18700	11.1910	-0.6
18700	12.1910	-1.8
18700	01.1911	-2.6
18700	02.1911	-1.2
18700	03.1911	0.8
18700	04.1911	5.0
18700	05.1911	12.2
18700	06.1911	14.7
18700	07.1911	17.5
18700	08.1911	16.9
18700	09.1911	12.2
18700	10.1911	3.6
18700	11.1911	0.9
18700	12.1911	0.5
18700	01.1912	-7.2
18700	02.1912	-3.9
18700	03.1912	1.9
18700	04.1912	4.3
18700	05.1912	10.1
18700	06.1912	15.0
18700	07.1912	18.1
18700	08.1912	14.6
18700	09.1912	9.4
18700	10.1912	4.4
18700	11.1912	0.1
18700	12.1912	-0.1
18700	01.1913	-4.3
18700	02.1913	-0.8
18700	03.1913	2.0
18700	04.1913	5.6
18700	05.1913	11.4
18700	06.1913	14.6
18700	07.1913	17.7
18700	08.1913	14.4
18700	09.1913	11.3
18700	10.1913	6.3
18700	11.1913	3.3
18700	12.1913	-3.6
18700	01.1914	-5.9
18700	02.1914	0.7
18700	03.1914	-0.3
18700	04.1914	6.3
18700	05.1914	9.3
18700	06.1914	15.9
18700	07.1914	21.0
18700	08.1914	16.4
18700	09.1914	12.0
18700	10.1914	5.7
18700	11.1914	0.5
18700	12.1914	0.9
18700	01.1915	-4.9
18700	02.1915	-1.9
18700	03.1915	-1.9
18700	04.1915	4.4
18700	05.1915	9.3
18700	06.1915	13.9
18700	07.1915	15.5
18700	08.1915	15.0
18700	09.1915	9.8
18700	10.1915	3.2
18700	11.1915	-1.8
18700	12.1915	-8.9
18700	01.1916	-1.0
18700	02.1916	-2.2
18700	03.1916	-1.8
18700	04.1916	4.5
18700	05.1916	10.3
18700	06.1916	12.8
18700	07.1916	17.2
18700	08.1916	15.0
18700	09.1916	10.3
18700	10.1916	4.3
18700	11.1916	3.1
18700	12.1916	-1.5
18700	01.1917	-11.0
18700	02.1917	-5.8
18700	03.1917	-3.6
18700	04.1917	2.1
18700	05.1917	10.1
18700	06.1917	16.3
18700	07.1917	16.6
18700	08.1917	17.3
18700	09.1917	12.3
18700	10.1917	6.2
18700	11.1917	0.7
18700	12.1917	-4.3
18700	01.1918	-6.5
18700	02.1918	-1.7
18700	03.1918	-0.4
18700	04.1918	5.5
18700	05.1918	12.2
18700	06.1918	13.6
18700	07.1918	16.8
18700	08.1918	15.5
18700	09.1918	9.4
18700	10.1918	7.9
18700	11.1918	1.9
18700	12.1918	-2.4
18700	01.1919	-1.7
18700	02.1919	-6.2
18700	03.1919	-0.9
18700	04.1919	3.9
18700	05.1919	12.8
18700	06.1919	13.9
18700	07.1919	18.9
18700	08.1919	13.9
18700	09.1919	11.8
18700	10.1919	5.0
18700	11.1919	-2.7
18700	12.1919	-5.5
18700	01.1920	-5.0
18700	02.1920	0.4
18700	03.1920	3.0
18700	04.1920	5.0
18700	05.1920	10.7
18700	06.1920	15.6
18700	07.1920	16.0
18700	08.1920	14.0
18700	09.1920	11.3
18700	10.1920	3.8
18700	11.1920	1.8
18700	12.1920	-2.3
18700	01.1921	-1.9
18700	02.1921	-2.5
18700	03.1921	3.2
18700	04.1921	8.2
18700	05.1921	10.9
18700	06.1921	14.2
18700	07.1921	17.1
18700	08.1921	14.0
18700	09.1921	10.5
18700	10.1921	7.1
18700	11.1921	-1.1
18700	12.1921	-1.5
18700	01.1922	-5.5
18700	02.1922	-3.5
18700	03.1922	-0.6
18700	04.1922	3.0
18700	05.1922	9.6
18700	06.1922	14.3
18700	07.1922	15.8
18700	08.1922	14.1
18700	09.1922	10.2
18700	10.1922	3.9
18700	11.1922	0.4
18700	12.1922	-0.9
18700	01.1923	0.3
18700	02.1923	-5.1
18700	03.1923	-0.1
18700	04.1923	3.6
18700	05.1923	8.0
18700	06.1923	11.7
18700	07.1923	16.9
18700	08.1923	13.8
18700	09.1923	10.5
18700	10.1923	5.9
18700	11.1923	-1.8
18700	12.1923	-4.8
18700	01.1924	-3.8
18700	02.1924	-5.1
18700	03.1924	-3.2
18700	04.1924	2.8
18700	05.1924	8.5
18700	06.1924	13.6
18700	07.1924	15.6
18700	08.1924	15.1
18700	09.1924	12.2
18700	10.1924	7.2
18700	11.1924	1.2
18700	12.1924	2.2
18700	01.1925	-0.4
18700	02.1925	0.4
18700	03.1925	-1.2
18700	04.1925	5.4
18700	05.1925	9.9
18700	06.1925	15.5
18700	07.1925	19.6
18700	08.1925	16.1
18700	09.1925	10.9
18700	10.1925	5.1
18700	11.1925	-3.5
18700	12.1925	-7.4
18700	01.1926	-3.1
18700	02.1926	-4.6
18700	03.1926	0.9
18700	04.1926	5.9
18700	05.1926	9.7
18700	06.1926	14.4
18700	07.1926	18.4
18700	08.1926	15.9
18700	09.1926	11.3
18700	10.1926	2.6
18700	11.1926	2.0
18700	12.1926	-4.2
18700	01.1927	-0.8
18700	02.1927	-2.8
18700	03.1927	1.7
18700	04.1927	3.7
18700	05.1927	7.1
18700	06.1927	11.4
18700	07.1927	18.2
18700	08.1927	16.4
18700	09.1927	10.5
18700	10.1927	5.0
18700	11.1927	-1.8
18700	12.1927	-8.0
18700	01.1928	-3.0
18700	02.1928	-2.6
18700	03.1928	-1.3
18700	04.1928	4.1
18700	05.1928	9.6
18700	06.1928	12.1
18700	07.1928	14.3
18700	08.1928	14.3
18700	09.1928	10.5
18700	10.1928	5.6
18700	11.1928	0.9
18700	12.1928	-2.3
18700	01.1929	-5.6
18700	02.1929	-7.4
18700	03.1929	1.7
18700	04.1929	2.4
18700	05.1929	9.3
18700	06.1929	12.7
18700	07.1929	16.0
18700	08.1929	13.6
18700	09.1929	11.8
18700	10.1929	6.4
18700	11.1929	3.2
18700	12.1929	1.4
18700	01.1930	1.2
18700	02.1930	-2.5
18700	03.1930	0.2
18700	04.1930	6.4
18700	05.1930	11.0
18700	06.1930	14.8
18700	07.1930	17.3
18700	08.1930	15.9
18700	09.1930	10.5
18700	10.1930	6.7
18700	11.1930	1.5
18700	12.1930	-0.2
18700	01.1931	-5.3
18700	02.1931	-2.6
18700	03.1931	-3.0
18700	04.1931	3.4
18700	05.1931	10.3
18700	06.1931	13.1
18700	07.1931	16.6
18700	08.1931	14.1
18700	09.1931	9.1
18700	10.1931	5.7
18700	11.1931	3.7
18700	12.1931	-2.4
18700	01.1932	0.7
18700	02.1932	-0.3
18700	03.1932	-1.0
18700	04.1932	4.6
18700	05.1932	10.8
18700	06.1932	14.9
18700	07.1932	17.1
18700	08.1932	16.5
18700	09.1932	10.9
18700	10.1932	4.1
18700	11.1932	0.3
18700	12.1932	0.8
18700	01.1933	-2.3
18700	02.1933	-2.3
18700	03.1933	0.4
18700	04.1933	4.7
18700	05.1933	10.2
18700	06.1933	18.0
18700	07.1933	19.0
18700	08.1933	16.2
18700	09.1933	12.8
18700	10.1933	6.9
18700	11.1933	0.2
18700	12.1933	-4.0
18700	01.1934	0.0
18700	02.1934	0.5
18700	03.1934	0.4
18700	04.1934	4.8
18700	05.1934	10.7
18700	06.1934	15.5
18700	07.1934	18.0
18700	08.1934	16.4
18700	09.1934	12.9
18700	10.1934	7.4
18700	11.1934	1.0
18700	12.1934	1.6
18700	01.1935	-3.2
18700	02.1935	-1.0
18700	03.1935	0.0
18700	04.1935	5.1
18700	05.1935	9.8
18700	06.1935	14.9
18700	07.1935	18.2
18700	08.1935	17.0
18700	09.1935	11.0
18700	10.1935	6.3
18700	11.1935	3.6
18700	12.1935	-2.1
18700	01.1936	-2.6
18700	02.1936	-4.6
18700	03.1936	0.4
18700	04.1936	3.8
18700	05.1936	11.9
18700	06.1936	17.3
18700	07.1936	17.1
18700	08.1936	16.6
18700	09.1936	10.2
18700	10.1936	4.6
18700	11.1936	1.9
18700	12.1936	1.3
18700	01.1937	-2.0
18700	02.1937	-4.3
18700	03.1937	-2.3
18700	04.1937	5.9
18700	05.1937	11.9
18700	06.1937	13.6
18700	07.1937	18.8
18700	08.1937	18.7
18700	09.1937	11.5
18700	10.1937	8.2
18700	11.1937	-0.1
18700	12.1937	-5.5
18700	01.1938	-2.8
18700	02.1938	-0.4
18700	03.1938	4.3
18700	04.1938	5.8
18700	05.1938	9.3
18700	06.1938	13.3
18700	07.1938	16.7
18700	08.1938	17.7
18700	09.1938	13.1
18700	10.1938	7.3
18700	11.1938	3.8
18700	12.1938	-1.8
18700	01.1939	-3.6
18700	02.1939	-0.2
18700	03.1939	0.5
18700	04.1939	5.3
18700	05.1939	10.7
18700	06.1939	15.4
18700	07.1939	16.3
18700	08.1939	18.1
18700	09.1939	12.8
18700	10.1939	3.4
18700	11.1939	2.1
18700	12.1939	-5.6
18700	01.1940	-7.7
18700	02.1940	-8.5
18700	03.1940	-2.7
18700	04.1940	3.3
18700	05.1940	12.3
18700	06.1940	17.4
18700	07.1940	16.5
18700	08.1940	14.3
18700	09.1940	10.0
18700	10.1940	5.0
18700	11.1940	1.2
18700	12.1940	-3.9
18700	01.1941	-12.7
18700	02.1941	-7.4
18700	03.1941	-1.7
18700	04.1941	3.3
18700	05.1941	9.6
18700	06.1941	16.1
18700	07.1941	19.4
18700	08.1941	14.6
18700	09.1941	11.5
18700	10.1941	4.9
18700	11.1941	0.5
18700	12.1941	-4.1
18700	01.1942	-11.9
18700	02.1942	-8.3
18700	03.1942	-5.2
18700	04.1942	5.4
18700	05.1942	9.6
18700	06.1942	13.1
18700	07.1942	16.6
18700	08.1942	15.4
18700	09.1942	11.0
18700	10.1942	6.6
18700	11.1942	1.8
18700	12.1942	-0.9
18700	01.1943	-5.3
18700	02.1943	1.1
18700	03.1943	3.6
18700	04.1943	6.7
18700	05.1943	11.0
18700	06.1943	15.5
18700	07.1943	17.1
18700	08.1943	14.5
18700	09.1943	11.4
18700	10.1943	8.2
18700	11.1943	1.5
18700	12.1943	-3.2
18700	01.1944	-1.9
18700	02.1944	-1.4
18700	03.1944	0.0
18700	04.1944	4.0
18700	05.1944	8.8
18700	06.1944	12.8
18700	07.1944	18.0
18700	08.1944	17.4
18700	09.1944	11.0
18700	10.1944	7.4
18700	11.1944	0.8
18700	12.1944	-0.1
18700	01.1945	-5.1
18700	02.1945	-1.2
18700	03.1945	3.0
18700	04.1945	6.6
18700	05.1945	10.2
18700	06.1945	14.7
18700	07.1945	18.9
18700	08.1945	18.7
18700	09.1945	11.6
18700	10.1945	6.7
18700	11.1945	-0.4
18700	12.1945	-2.0
18700	01.1946	-4.1
18700	02.1946	-3.3
18700	03.1946	-0.8
18700	04.1946	6.9
18700	05.1946	11.8
18700	06.1946	13.6
18700	07.1946	17.8
18700	08.1946	15.4
18700	09.1946	12.0
18700	10.1946	4.5
18700	11.1946	2.8
18700	12.1946	-1.1
18700	01.1947	-3.5
18700	02.1947	-12.7
18700	03.1947	-3.9
18700	04.1947	4.3
18700	05.1947	14.4
18700	06.1947	17.2
18700	07.1947	18.8
18700	08.1947	20.7
18700	09.1947	14.1
18700	10.1947	6.1
18700	11.1947	-2.3
18700	12.1947	-3.0
18700	01.1948	-6.8
18700	02.1948	-3.7
18700	03.1948	1.7
18700	04.1948	7.0
18700	05.1948	11.8
18700	06.1948	14.5
18700	07.1948	17.8
18700	08.1948	15.2
18700	09.1948	11.8
18700	10.1948	5.0
18700	11.1948	0.6
18700	12.1948	0.9
18700	01.1949	-0.1
18700	02.1949	0.7
18700	03.1949	0.1
18700	04.1949	6.0
18700	05.1949	11.4
18700	06.1949	15.0
18700	07.1949	18.5
18700	08.1949	15.3
18700	09.1949	14.2
18700	10.1949	6.8
18700	11.1949	2.5
18700	12.1949	-1.8
18700	01.1950	-5.2
18700	02.1950	-2.0
18700	03.1950	1.6
18700	04.1950	5.8
18700	05.1950	11.9
18700	06.1950	14.6
18700	07.1950	16.1
18700	08.1950	16.3
18700	09.1950	11.0
18700	10.1950	6.6
18700	11.1950	-0.7
18700	12.1950	-4.2
18700	01.1951	-5.0
18700	02.1951	-1.9
18700	03.1951	-2.9
18700	04.1951	3.5
18700	05.1951	9.6
18700	06.1951	14.4
18700	07.1951	15.6
18700	08.1951	15.7
18700	09.1951	12.4
18700	10.1951	6.8
18700	11.1951	2.6
18700	12.1951	1.2
18700	01.1952	-3.8
18700	02.1952	-2.2
18700	03.1952	-2.0
18700	04.1952	6.5
18700	05.1952	10.6
18700	06.1952	12.7
18700	07.1952	16.5
18700	08.1952	14.5
18700	09.1952	8.8
18700	10.1952	4.2
18700	11.1952	-1.8
18700	12.1952	-3.3
18700	01.1953	-4.5
18700	02.1953	-4.8
18700	03.1953	2.6
18700	04.1953	5.4
18700	05.1953	10.6
18700	06.1953	18.1
18700	07.1953	16.6
18700	08.1953	15.1
18700	09.1953	10.8
18700	10.1953	8.9
18700	11.1953	3.8
18700	12.1953	0.7
18700	01.1954	-5.5
18700	02.1954	-7.3
18700	03.1954	-0.2
18700	04.1954	3.9
18700	05.1954	12.0
18700	06.1954	14.1
18700	07.1954	15.7
18700	08.1954	15.4
18700	09.1954	10.9
18700	10.1954	5.6
18700	11.1954	1.4
18700	12.1954	0.4
18700	01.1955	-4.2
18700	02.1955	-5.7
18700	03.1955	-1.4
18700	04.1955	3.3
18700	05.1955	8.1
18700	06.1955	14.1
18700	07.1955	21.5
18700	08.1955	19.3
18700	09.1955	12.8
18700	10.1955	5.8
18700	11.1955	1.3
18700	12.1955	-5.0
18700	01.1956	-6.7
18700	02.1956	-7.6
18700	03.1956	-1.0
18700	04.1956	4.4
18700	05.1956	11.1
18700	06.1956	13.9
18700	07.1956	17.0
18700	08.1956	13.4
18700	09.1956	11.0
18700	10.1956	5.9
18700	11.1956	-1.1
18700	12.1956	-0.6
18700	01.1957	-1.8
18700	02.1957	-2.7
18700	03.1957	-0.6
18700	04.1957	4.9
18700	05.1957	9.0
18700	06.1957	13.8
18700	07.1957	17.4
18700	08.1957	15.4
18700	09.1957	9.8
18700	10.1957	6.3
18700	11.1957	1.0
18700	12.1957	-1.8
18700	01.1958	-4.4
18700	02.1958	-7.3
18700	03.1958	-3.4
18700	04.1958	3.1
18700	05.1958	8.8
18700	06.1958	14.9
18700	07.1958	17.1
18700	08.1958	15.0
18700	09.1958	12.6
18700	10.1958	8.1
18700	11.1958	1.9
18700	12.1958	-3.6
18700	01.1959	-6.4
18700	02.1959	-2.7
18700	03.1959	1.4
18700	04.1959	5.5
18700	05.1959	11.9
18700	06.1959	15.7
18700	07.1959	18.7
18700	08.1959	18.0
18700	09.1959	12.6
18700	10.1959	6.3
18700	11.1959	3.1
18700	12.1959	-0.9
18700	01.1960	-3.8
18700	02.1960	-6.3
18700	03.1960	1.2
18700	04.1960	5.3
18700	05.1960	12.3
18700	06.1960	16.2
18700	07.1960	15.2
18700	08.1960	15.1
18700	09.1960	11.3
18700	10.1960	4.2
18700	11.1960	0.8
18700	12.1960	-1.3
18700	01.1961	-4.6
18700	02.1961	-1.3
18700	03.1961	3.3
18700	04.1961	5.9
18700	05.1961	10.6
18700	06.1961	15.7
18700	07.1961	16.5
18700	08.1961	14.3
18700	09.1961	12.5
18700	10.1961	9.7
18700	11.1961	2.0
18700	12.1961	-5.4
18700	01.1962	-2.3
18700	02.1962	-0.8
18700	03.1962	-3.9
18700	04.1962	4.8
18700	05.1962	8.3
18700	06.1962	13.4
18700	07.1962	14.9
18700	08.1962	13.3
18700	09.1962	10.4
18700	10.1962	7.1
18700	11.1962	-0.1
18700	12.1962	-6.2
18700	01.1963	-8.4
18700	02.1963	-8.2
18700	03.1963	-3.2
18700	04.1963	4.0
18700	05.1963	10.7
18700	06.1963	16.2
18700	07.1963	16.4
18700	08.1963	15.2
18700	09.1963	11.0
18700	10.1963	7.0
18700	11.1963	1.3
18700	12.1963	-3.8
18700	01.1964	-2.4
18700	02.1964	-3.1
18700	03.1964	-0.2
18700	04.1964	5.8
18700	05.1964	11.3
18700	06.1964	13.3
18700	07.1964	14.5
18700	08.1964	14.9
18700	09.1964	10.7
18700	10.1964	5.6
18700	11.1964	1.2
18700	12.1964	-2.9
18700	01.1965	-2.7
18700	02.1965	-1.8
18700	03.1965	-0.6
18700	04.1965	4.7
18700	05.1965	9.2
18700	06.1965	14.3
18700	07.1965	14.5
18700	08.1965	14.1
18700	09.1965	11.8
18700	10.1965	7.0
18700	11.1965	-2.7
18700	12.1965	-7.1
18700	01.1966	-8.0
18700	02.1966	-9.8
18700	03.1966	-0.1
18700	04.1966	1.4
18700	05.1966	9.6
18700	06.1966	17.1
18700	07.1966	17.0
18700	08.1966	14.9
18700	09.1966	11.0
18700	10.1966	5.8
18700	11.1966	2.0
18700	12.1966	-2.4
18700	01.1967	-7.3
18700	02.1967	-2.6
18700	03.1967	2.6
18700	04.1967	4.4
18700	05.1967	9.1
18700	06.1967	14.6
18700	07.1967	16.5
18700	08.1967	16.1
18700	09.1967	12.2
18700	10.1967	6.9
18700	11.1967	3.5
18700	12.1967	-3.8
18700	01.1968	-6.7
18700	02.1968	-5.1
18700	03.1968	1.0
18700	04.1968	6.4
18700	05.1968	9.1
18700	06.1968	16.4
18700	07.1968	16.2
18700	08.1968	16.8
18700	09.1968	12.2
18700	10.1968	5.1
18700	11.1968	-2.0
18700	12.1968	-4.1
18700	01.1969	-2.9
18700	02.1969	-7.3
18700	03.1969	-3.0
18700	04.1969	4.3
18700	05.1969	10.1
18700	06.1969	17.6
18700	07.1969	17.1
18700	08.1969	18.8
18700	09.1969	12.1
18700	10.1969	7.5
18700	11.1969	-1.4
18700	12.1969	-4.3
18700	01.1970	-7.4
18700	02.1970	-10.6
18700	03.1970	-1.2
18700	04.1970	2.3
18700	05.1970	11.7
18700	06.1970	18.3
18700	07.1970	14.6
18700	08.1970	16.6
18700	09.1970	10.7
18700	10.1970	6.5
18700	11.1970	-0.7
18700	12.1970	-1.2
18700	01.1971	-2.2
18700	02.1971	-0.3
18700	03.1971	-1.8
18700	04.1971	4.7
18700	05.1971	11.4
18700	06.1971	14.4
18700	07.1971	17.0
18700	08.1971	15.1
18700	09.1971	11.3
18700	10.1971	7.1
18700	11.1971	-0.9
18700	12.1971	0.8
18700	01.1972	-6.0
18700	02.1972	-2.7
18700	03.1972	0.0
18700	04.1972	4.8
18700	05.1972	11.3
18700	06.1972	14.5
18700	07.1972	18.3
18700	08.1972	15.0
18700	09.1972	10.1
18700	10.1972	6.7
18700	11.1972	1.5
18700	12.1972	2.1
18700	01.1973	0.0
18700	02.1973	-0.2
18700	03.1973	3.3
18700	04.1973	4.0
18700	05.1973	10.4
18700	06.1973	15.8
18700	07.1973	18.5
18700	08.1973	15.0
18700	09.1973	10.2
18700	10.1973	3.7
18700	11.1973	-0.8
18700	12.1973	-2.4
18700	01.1974	0.3
18700	02.1974	0.4
18700	03.1974	1.7
18700	04.1974	7.6
18700	05.1974	11.5
18700	06.1974	15.1
18700	07.1974	15.3
18700	08.1974	15.5
18700	09.1974	11.7
18700	10.1974	4.9
18700	11.1974	1.6
18700	12.1974	-0.4
18700	01.1975	0.4
18700	02.1975	-3.3
18700	03.1975	0.7
18700	04.1975	4.3
18700	05.1975	11.3
18700	06.1975	14.5
18700	07.1975	18.2
18700	08.1975	18.7
18700	09.1975	12.1
18700	10.1975	7.3
18700	11.1975	2.6
18700	12.1975	0.9
18700	01.1976	-4.6
18700	02.1976	-2.2
18700	03.1976	-1.4
18700	04.1976	4.9
18700	05.1976	11.4
18700	06.1976	15.8
18700	07.1976	18.4
18700	08.1976	18.1
18700	09.1976	9.8
18700	10.1976	5.1
18700	11.1976	0.8
18700	12.1976	-4.2
18700	01.1977	-4.2
18700	02.1977	-5.5
18700	03.1977	0.8
18700	04.1977	2.5
18700	05.1977	11.2
18700	06.1977	15.5
18700	07.1977	16.6
18700	08.1977	15.8
18700	09.1977	10.4
18700	10.1977	7.3
18700	11.1977	1.9
18700	12.1977	-1.9
18700	01.1978	-2.1
18700	02.1978	-6.7
18700	03.1978	-1.2
18700	04.1978	3.9
18700	05.1978	11.4
18700	06.1978	16.1
18700	07.1978	15.4
18700	08.1978	15.1
18700	09.1978	9.3
18700	10.1978	6.6
18700	11.1978	3.9
18700	12.1978	-7.9
18700	01.1979	-7.6
18700	02.1979	-6.3
18700	03.1979	-0.3
18700	04.1979	3.9
18700	05.1979	8.5
18700	06.1979	15.9
18700	07.1979	15.7
18700	08.1979	14.3
18700	09.1979	10.8
18700	10.1979	4.8
18700	11.1979	-0.1
18700	12.1979	-3.4
18700	01.1980	-6.4
18700	02.1980	-7.3
18700	03.1980	-2.1
18700	04.1980	5.4
18700	05.1980	11.9
18700	06.1980	16.0
18700	07.1980	17.4
18700	08.1980	15.4
18700	09.1980	12.0
18700	10.1980	4.7
18700	11.1980	-1.7
18700	12.1980	-1.0
18700	01.1981	-3.7
18700	02.1981	-3.9
18700	03.1981	-1.9
18700	04.1981	4.8
18700	05.1981	12.2
18700	06.1981	12.9
18700	07.1981	16.5
18700	08.1981	15.7
18700	09.1981	12.6
18700	10.1981	5.2
18700	11.1981	0.7
18700	12.1981	-8.7
18700	01.1982	-7.9
18700	02.1982	-3.5
18700	03.1982	1.8
18700	04.1982	5.3
18700	05.1982	10.0
18700	06.1982	14.1
18700	07.1982	18.5
18700	08.1982	16.7
18700	09.1982	12.3
18700	10.1982	6.3
18700	11.1982	2.6
18700	12.1982	-1.6
18700	01.1983	0.9
18700	02.1983	-3.9
18700	03.1983	1.6
18700	04.1983	5.6
18700	05.1983	10.7
18700	06.1983	14.5
18700	07.1983	18.3
18700	08.1983	17.0
18700	09.1983	11.8
18700	10.1983	7.3
18700	11.1983	1.4
18700	12.1983	-0.8
18700	01.1984	-4.6
18700	02.1984	-2.6
18700	03.1984	-1.1
18700	04.1984	6.0
18700	05.1984	12.6
18700	06.1984	14.8
18700	07.1984	16.5
18700	08.1984	16.5
18700	09.1984	10.3
18700	10.1984	8.2
18700	11.1984	3.0
18700	12.1984	0.8
18700	01.1985	-8.4
18700	02.1985	-9.0
18700	03.1985	-0.5
18700	04.1985	3.0
18700	05.1985	11.8
18700	06.1985	14.3
18700	07.1985	16.5
18700	08.1985	15.0
18700	09.1985	9.3
18700	10.1985	7.7
18700	11.1985	-1.0
18700	12.1985	-6.5
18700	01.1986	-6.5
18700	02.1986	-7.3
18700	03.1986	0.5
18700	04.1986	2.9
18700	05.1986	11.0
18700	06.1986	16.7
18700	07.1986	16.9
18700	08.1986	13.4
18700	09.1986	9.0
18700	10.1986	6.9
18700	11.1986	4.3
18700	12.1986	-1.5
18700	01.1987	-10.3
18700	02.1987	-4.2
18700	03.1987	-3.9
18700	04.1987	5.5
18700	05.1987	9.4
18700	06.1987	12.4
18700	07.1987	16.8
18700	08.1987	13.4
18700	09.1987	10.0
18700	10.1987	7.8
18700	11.1987	0.6
18700	12.1987	-2.4
18700	01.1988	0.8
18700	02.1988	-1.2
18700	03.1988	-1.2
18700	04.1988	3.6
18700	05.1988	12.3
18700	06.1988	18.9
18700	07.1988	16.6
18700	08.1988	15.3
18700	09.1988	12.4
18700	10.1988	5.2
18700	11.1988	-1.0
18700	12.1988	-2.5
18700	01.1989	2.6
18700	02.1989	2.8
18700	03.1989	3.7
18700	04.1989	5.4
18700	05.1989	11.1
18700	06.1989	15.5
18700	07.1989	17.4
18700	08.1989	14.6
18700	09.1989	12.0
18700	10.1989	6.6
18700	11.1989	2.7
18700	12.1989	-2.5
18700	01.1990	1.0
18700	02.1990	3.6
18700	03.1990	4.7
18700	04.1990	6.7
18700	05.1990	12.5
18700	06.1990	15.4
18700	07.1990	17.0
18700	08.1990	16.3
18700	09.1990	10.5
18700	10.1990	6.4
18700	11.1990	0.3
18700	12.1990	-0.8
18700	01.1991	-2.6
18700	02.1991	-3.9
18700	03.1991	1.9
18700	04.1991	5.7
18700	05.1991	10.8
18700	06.1991	11.9
18700	07.1991	18.6
18700	08.1991	17.0
18700	09.1991	11.8
18700	10.1991	6.6
18700	11.1991	2.5
18700	12.1991	0.3
18700	01.1992	-0.3
18700	02.1992	0.2
18700	03.1992	2.8
18700	04.1992	4.4
18700	05.1992	13.3
18700	06.1992	18.1
18700	07.1992	16.8
18700	08.1992	14.4
18700	09.1992	11.5
18700	10.1992	3.3
18700	11.1992	1.2
18700	12.1992	-1.1
18700	01.1993	0.2
18700	02.1993	-0.7
18700	03.1993	1.4
18700	04.1993	6.6
18700	05.1993	13.2
18700	06.1993	13.9
18700	07.1993	15.1
18700	08.1993	13.4
18700	09.1993	9.3
18700	10.1993	4.5
18700	11.1993	-0.3
18700	12.1993	-3.2
18700	01.1994	-3.9
18700	02.1994	-7.6
18700	03.1994	0.6
18700	04.1994	6.3
18700	05.1994	11.1
18700	06.1994	13.9
18700	07.1994	20.7
18700	08.1994	16.3
18700	09.1994	10.3
18700	10.1994	5.6
18700	11.1994	2.0
18700	12.1994	0.3
18700	01.1995	-2.7
18700	02.1995	-0.2
18700	03.1995	1.3
18700	04.1995	4.1
18700	05.1995	10.0
18700	06.1995	15.4
18700	07.1995	16.8
18700	08.1995	18.1
18700	09.1995	11.3
18700	10.1995	9.0
18700	11.1995	-0.4
18700	12.1995	-6.4
18700	01.1996	-5.1
18700	02.1996	-6.2
18700	03.1996	-0.6
18700	04.1996	4.9
18700	05.1996	8.4
18700	06.1996	14.2
18700	07.1996	15.9
18700	08.1996	18.4
18700	09.1996	10.4
18700	10.1996	7.7
18700	11.1996	0.4
18700	12.1996	-4.4
18700	01.1997	-4.0
18700	02.1997	-0.3
18700	03.1997	2.4
18700	04.1997	5.1
18700	05.1997	9.3
18700	06.1997	16.3
18700	07.1997	19.5
18700	08.1997	20.5
18700	09.1997	12.4
18700	10.1997	4.8
18700	11.1997	1.5
18700	12.1997	-1.0
18700	01.1998	-1.1
18700	02.1998	1.4
18700	03.1998	0.8
18700	04.1998	4.3
18700	05.1998	11.6
18700	06.1998	13.2
18700	07.1998	15.4
18700	08.1998	14.4
18700	09.1998	12.5
18700	10.1998	5.4
18700	11.1998	-0.7
18700	12.1998	-0.6
18700	01.1999	-2.2
18700	02.1999	-2.3
18700	03.1999	0.4
18700	04.1999	6.7
18700	05.1999	9.5
18700	06.1999	14.0
18700	07.1999	17.4
18700	08.1999	16.1
18700	09.1999	14.4
18700	10.1999	6.6
18700	11.1999	4.2
18700	12.1999	-2.7
18700	01.2000	-0.4
18700	02.2000	-0.4
18700	03.2000	2.0
18700	04.2000	6.4
18700	05.2000	12.5
18700	06.2000	13.6
18700	07.2000	16.2
18700	08.2000	15.4
18700	09.2000	11.5
18700	10.2000	9.5
18700	11.2000	5.8
18700	12.2000	1.2
18700	01.2001	-2.8
18700	02.2001	-5.3
18700	03.2001	-1.5
18700	04.2001	4.3
18700	05.2001	11.9
18700	06.2001	14.6
18700	07.2001	17.8
18700	08.2001	15.9
18700	09.2001	11.7
18700	10.2001	9.0
18700	11.2001	2.2
18700	12.2001	-3.3
18700	01.2002	-2.8
18700	02.2002	0.7
18700	03.2002	2.1
18700	04.2002	7.0
18700	05.2002	12.8
18700	06.2002	16.6
18700	07.2002	17.4
18700	08.2002	20.4
18700	09.2002	13.4
18700	10.2002	3.5
18700	11.2002	-1.2
18700	12.2002	-5.8
18700	01.2003	-3.8
18700	02.2003	-2.6
18700	03.2003	1.7
18700	04.2003	6.0
18700	05.2003	10.1
18700	06.2003	16.3
18700	07.2003	18.9
18700	08.2003	17.4
18700	09.2003	12.5
18700	10.2003	4.0
18700	11.2003	3.0
18700	12.2003	0.4
18700	01.2004	-3.8
18700	02.2004	-1.4
18700	03.2004	2.1
18700	04.2004	7.5
18700	05.2004	12.4
18700	06.2004	14.2
18700	07.2004	16.0
18700	08.2004	18.0
18700	09.2004	12.6
18700	10.2004	6.6
18700	11.2004	1.2
18700	12.2004	0.4
18700	01.2005	1.7
18700	02.2005	-1.0
18700	03.2005	-0.8
18700	04.2005	6.9
18700	05.2005	9.7
18700	06.2005	14.6
18700	07.2005	18.7
18700	08.2005	15.9
18700	09.2005	12.6
18700	10.2005	7.5
18700	11.2005	4.4
18700	12.2005	-1.1
18700	01.2006	-2.4
18700	02.2006	-3.2
18700	03.2006	-3.2
18700	04.2006	4.7
18700	05.2006	12.0
18700	06.2006	16.1
18700	07.2006	20.1
18700	08.2006	18.0
18700	09.2006	15.0
18700	10.2006	8.4
18700	11.2006	4.1
18700	12.2006	2.4
18700	01.2007	-0.9
18700	02.2007	-3.2
18700	03.2007	4.2
18700	04.2007	7.6
18700	05.2007	10.9
18700	06.2007	17.0
18700	07.2007	16.1
18700	08.2007	16.5
18700	09.2007	11.0
18700	10.2007	6.9
18700	11.2007	1.5
18700	12.2007	-1.4
18700	01.2008	0.9
18700	02.2008	1.9
18700	03.2008	0.9
18700	04.2008	6.7
18700	05.2008	12.3
18700	06.2008	15.8
18700	07.2008	18.3
18700	08.2008	15.2
18700	09.2008	10.8
18700	10.2008	6.8
18700	11.2008	2.1
18700	12.2008	-1.2
18700	01.2009	-2.2
18700	02.2009	-5.1
18700	03.2009	1.2
18700	04.2009	7.7
18700	05.2009	12.0
18700	06.2009	15.8
18700	07.2009	17.3
18700	08.2009	16.1
18700	09.2009	12.9
18700	10.2009	4.4
18700	11.2009	3.9
18700	12.2009	-3.8
18700	01.2010	-8.1
18700	02.2010	-6.3
18700	03.2010	0.3
18700	04.2010	6.0
18700	05.2010	11.0
18700	06.2010	15.3
18700	07.2010	18.0
18700	08.2010	16.1
18700	09.2010	11.3
18700	10.2010	5.7
18700	11.2010	-2.0
18700	12.2010	-9.2
18700	01.2011	-3.5
18700	02.2011	-4.9
18700	03.2011	0.6
18700	04.2011	9.4
18700	05.2011	11.3
18700	06.2011	15.9
18700	07.2011	18.0
18700	08.2011	16.1
18700	09.2011	12.7
18700	10.2011	7.6
18700	11.2011	4.6
18700	12.2011	0.8
18700	01.2012	-2.4
18700	02.2012	-2.2
18700	03.2012	5.6
18700	04.2012	4.9
18700	05.2012	12.3
18700	06.2012	13.7
18700	07.2012	16.4
18700	08.2012	16.1
18700	09.2012	11.1
18700	10.2012	5.2
18700	11.2012	3.2
18700	12.2012	-5.1
18700	01.2013	-4.9
18700	02.2013	-3.2
18700	03.2013	-2.1
18700	04.2013	4.3
18700	05.2013	12.8
18700	06.2013	15.0
18700	07.2013	18.4
18700	08.2013	16.3
18700	09.2013	12.0
18700	10.2013	7.5
18700	11.2013	2.4
18700	12.2013	2.0
18700	01.2014	-2.6
18700	02.2014	1.9
18700	03.2014	4.3
18700	04.2014	7.7
18700	05.2014	12.0
18700	06.2014	15.7
18700	07.2014	20.8
18700	08.2014	15.8
18700	09.2014	13.1
18700	10.2014	8.9
18700	11.2014	4.1
18700	12.2014	-2.2
18700	01.2015	-0.3
18700	02.2015	0.3
18700	03.2015	3.5
18700	04.2015	7.1
18700	05.2015	9.0
18700	06.2015	14.2
18700	07.2015	16.2
18700	08.2015	16.5
18700	09.2015	12.5
18700	10.2015	7.2
18700	11.2015	3.2
18700	12.2015	2.1
18700	01.2016	-5.5
18700	02.2016	-0.7
18700	03.2016	3.1
18700	04.2016	5.9
18700	05.2016	12.3
18700	06.2016	16.7
18700	07.2016	17.2
18700	08.2016	15.5
18700	09.2016	15.0
18700	10.2016	6.1
18700	11.2016	0.7
18700	12.2016	0.9
18700	01.2017	-1.4
18700	02.2017	-1.5
18700	03.2017	2.6
18700	04.2017	5.2
18700	05.2017	11.6
18700	06.2017	15.1
18700	07.2017	16.9
18700	08.2017	15.3
18700	09.2017	12.2
18700	10.2017	7.2
18700	11.2017	1.6
18700	12.2017	-1.5
18700	01.2018	-1.7
18700	02.2018	-4.1
18700	03.2018	-2.3
18700	04.2018	6.5
18700	05.2018	16.1
18700	06.2018	17.9
18700	07.2018	22.2
18700	08.2018	16.3
18700	09.2018	12.5
18700	10.2018	7.4
18700	11.2018	3.4
18700	12.2018	-1.2
Number of	 	2181
Minimum	 	-13.0
Date	 	02.1855
Maximum	 	22.2
Date	 	07.2018
Total	 	 
Mean	 	5.9
18651 - Oslo II, 1837 - 1933

18650 - Oslo I, 1934 - 1937

18700 - Oslo - Blindern, 1937 - ->

From: Ø. Nordli, R.E. Benestad, G. Hestmark K. Isaksen. 2013: The Oslo Temperature series 1837-2012. Homogeneity testing and Climate Analysis. To be published. 




--------------------------------------------
Data valid for 11.01.2019  (CC BY 3.0), Norwegian Meteorological Institute
